                   *  home ameya esim-workspace 10bb 10bb.cir
                   Transient Analysis  Wed Jul 29 12:15:05  2020
--------------------------------------------------------------------------------
Index   time            v1#branch       v2#branch       v3#branch       
--------------------------------------------------------------------------------
0	0.000000e+00	-8.70417e-04	0.000000e+00	0.000000e+00	
1	5.000000e-13	-7.73343e-04	-1.87781e-04	3.101788e-05	
2	1.000000e-12	-7.47755e-04	-2.18612e-04	2.961207e-05	
3	2.000000e-12	-7.15271e-04	-2.57435e-04	2.537945e-05	
4	4.000000e-12	-6.72181e-04	-2.98249e-04	1.504993e-05	
5	8.000000e-12	-6.39047e-04	-3.30189e-04	4.629342e-06	
6	1.600000e-11	-6.37621e-04	-3.64853e-04	1.014944e-06	
7	3.200000e-11	-8.11480e-04	-3.89013e-04	-5.87405e-06	
8	5.000000e-11	-1.05514e-03	-4.12058e-04	4.021720e-06	
9	5.320000e-11	-1.21831e-03	-1.35814e-04	-2.10759e-05	
10	5.960000e-11	-1.26956e-03	-6.67223e-05	-5.80536e-06	
11	7.240000e-11	-1.26574e-03	-6.64341e-05	8.911900e-07	
12	9.800000e-11	-1.28482e-03	-2.15451e-05	7.452597e-06	
13	1.492000e-10	-1.26873e-03	1.372788e-05	1.165869e-05	
14	2.411450e-10	-1.20486e-03	-4.50957e-06	-6.63678e-07	
15	3.268049e-10	-1.23546e-03	4.970533e-06	1.103399e-05	
16	4.678613e-10	-1.21535e-03	-1.75516e-06	-6.44934e-06	
17	6.074771e-10	-1.22852e-03	9.237263e-07	7.702601e-06	
18	8.867088e-10	-1.21778e-03	-3.55474e-07	-7.70178e-06	
19	1.000000e-09	-1.22627e-03	-8.58169e-07	7.682960e-06	
20	1.005000e-09	-1.14852e-03	2.526530e-05	-1.31731e-04	
21	1.015000e-09	-1.11074e-03	1.025734e-05	-1.75971e-04	
22	1.035000e-09	-1.19926e-03	-8.67902e-06	-2.05568e-04	
23	1.050000e-09	-1.30358e-03	-7.38804e-06	-1.99643e-04	
24	1.054000e-09	-1.37199e-03	-2.62979e-05	-7.74131e-05	
25	1.062000e-09	-1.39354e-03	-6.17083e-06	-6.00880e-05	
26	1.078000e-09	-1.41013e-03	-1.36342e-07	-4.37316e-05	
27	1.110000e-09	-1.44155e-03	-8.99865e-06	1.473349e-05	
28	1.174000e-09	-1.41742e-03	1.275415e-05	-1.53440e-06	
29	1.244833e-09	-1.40036e-03	-7.98903e-06	4.851502e-06	
30	1.378979e-09	-1.39615e-03	7.230346e-06	-5.06170e-06	
31	1.499715e-09	-1.40248e-03	-6.45798e-06	5.225003e-06	
32	1.741186e-09	-1.39510e-03	6.103430e-06	-5.28072e-06	
33	2.000000e-09	-1.40293e-03	-5.78973e-06	5.320770e-06	
34	2.005000e-09	-1.24508e-03	1.057238e-06	1.743033e-07	
35	2.015000e-09	-1.19807e-03	1.670818e-06	6.607492e-07	
36	2.035000e-09	-1.39712e-03	-3.11679e-06	-4.87283e-07	
37	2.050000e-09	-1.56745e-03	-1.28665e-07	1.019840e-07	
38	2.054000e-09	-1.71560e-03	-7.17519e-06	-9.15009e-07	
39	2.062000e-09	-1.74913e-03	-3.08343e-06	-1.20278e-06	
40	2.078000e-09	-1.75202e-03	1.093649e-06	-6.18156e-07	
41	2.110000e-09	-1.75446e-03	-6.15745e-07	1.198209e-07	
42	2.173950e-09	-1.74809e-03	2.397318e-06	3.266575e-07	
43	2.280306e-09	-1.75256e-03	-1.90217e-06	-1.41167e-08	
44	2.393535e-09	-1.75117e-03	1.760476e-06	-3.52882e-08	
45	2.546289e-09	-1.75070e-03	-1.69617e-06	4.244559e-08	
46	2.851799e-09	-1.75198e-03	1.667865e-06	-4.35010e-08	
47	3.000000e-09	-1.75016e-03	-1.61299e-06	4.384736e-08	
48	3.005000e-09	-1.68010e-03	8.200124e-07	1.378114e-07	
49	3.015000e-09	-1.65453e-03	1.242519e-06	2.557307e-07	
50	3.035000e-09	-1.74672e-03	-7.60880e-07	5.044646e-08	
51	3.050000e-09	-1.83204e-03	-1.24284e-07	-3.78697e-08	
52	3.054000e-09	-1.89975e-03	-2.09124e-06	-1.96549e-07	
53	3.062000e-09	-1.91475e-03	-2.73731e-06	-4.47497e-07	
54	3.078000e-09	-1.92700e-03	-2.14958e-07	-5.29273e-07	

Index   time            v1#branch       v2#branch       v3#branch       
--------------------------------------------------------------------------------
55	3.110000e-09	-1.93193e-03	-6.89354e-08	2.601613e-09	
56	3.174000e-09	-1.92900e-03	9.002949e-07	1.608090e-07	
57	3.277485e-09	-1.92642e-03	-5.34912e-07	2.699978e-08	
58	3.388421e-09	-1.92826e-03	4.178551e-07	-4.78148e-08	
59	3.541449e-09	-1.92655e-03	-3.64757e-07	4.628359e-08	
60	3.847507e-09	-1.92821e-03	3.422852e-07	-4.43588e-08	
61	4.000000e-09	-1.92659e-03	-3.02172e-07	3.997972e-08	
62	4.005000e-09	-1.77829e-03	1.917520e-07	5.946850e-08	
63	4.015000e-09	-1.73100e-03	3.432232e-07	7.606200e-08	
64	4.035000e-09	-1.92847e-03	-4.77978e-08	4.297773e-08	
65	4.050000e-09	-2.10189e-03	-1.96129e-07	-1.20979e-08	
66	4.054000e-09	-2.24387e-03	-6.46055e-07	-5.92726e-08	
67	4.062000e-09	-2.26936e-03	-7.95741e-07	-1.25982e-07	
68	4.078000e-09	-2.26882e-03	-9.91814e-08	-1.56207e-07	
69	4.110000e-09	-2.27321e-03	-7.26578e-08	-1.85729e-08	
70	4.173555e-09	-2.27578e-03	2.619969e-07	4.355418e-08	
71	4.279898e-09	-2.28126e-03	-1.18254e-07	1.784117e-08	
72	4.394646e-09	-2.27942e-03	7.911137e-08	-2.02099e-08	
73	4.552779e-09	-2.27942e-03	-6.45951e-08	1.715501e-08	
74	4.869043e-09	-2.28019e-03	5.895457e-08	-1.55703e-08	
75	5.000000e-09	-2.27887e-03	-4.74700e-08	1.223953e-08	
76	5.005000e-09	-2.20961e-03	6.997348e-08	1.933462e-08	
77	5.015000e-09	-2.18594e-03	1.953911e-07	3.388193e-08	
78	5.035000e-09	-2.27796e-03	7.870615e-08	4.384345e-08	
79	5.050000e-09	-2.36449e-03	-6.81773e-08	7.279623e-09	
80	5.054000e-09	-2.42926e-03	-2.33338e-07	-9.06242e-09	
81	5.062000e-09	-2.44108e-03	-4.39934e-07	-5.29965e-08	
82	5.078000e-09	-2.44985e-03	-1.93112e-07	-8.73138e-08	
83	5.110000e-09	-2.45439e-03	-1.17867e-08	-3.67603e-08	
84	5.174000e-09	-2.45561e-03	1.101132e-07	3.693877e-08	
85	5.281225e-09	-2.45586e-03	-1.79823e-08	2.327872e-09	
86	5.396888e-09	-2.45603e-03	-3.89511e-09	-3.31570e-09	
87	5.556361e-09	-2.45563e-03	1.011632e-08	1.026502e-09	
88	5.875307e-09	-2.45612e-03	-1.21074e-08	1.079944e-10	
89	6.000000e-09	-2.45558e-03	1.564347e-08	-2.54453e-09	
90	6.005000e-09	-2.30725e-03	2.561616e-08	7.730554e-09	
91	6.015000e-09	-2.26042e-03	4.492317e-08	9.680595e-09	
92	6.035000e-09	-2.45871e-03	3.527567e-08	1.296895e-08	
93	6.050000e-09	-2.63328e-03	-1.20578e-08	6.443388e-09	
94	6.054000e-09	-2.77369e-03	-5.12099e-08	6.904301e-10	
95	6.062000e-09	-2.79759e-03	-1.10080e-07	-1.22316e-08	
96	6.078000e-09	-2.79515e-03	-6.92699e-08	-2.39537e-08	
97	6.110000e-09	-2.80027e-03	-1.11688e-08	-1.31191e-08	
98	6.172930e-09	-2.80393e-03	2.741378e-08	7.369376e-09	
99	6.278867e-09	-2.80991e-03	5.659947e-09	5.129872e-09	
100	6.392845e-09	-2.80772e-03	-1.00068e-08	-3.88498e-09	
101	6.551718e-09	-2.80808e-03	1.014954e-08	2.603950e-09	
102	6.869465e-09	-2.80847e-03	-1.00295e-08	-2.11193e-09	
103	7.000000e-09	-2.80755e-03	9.655670e-09	1.265460e-09	
104	7.005000e-09	-2.73824e-03	1.057989e-08	1.886048e-09	
105	7.015000e-09	-2.71485e-03	2.297448e-08	4.035823e-09	
106	7.035000e-09	-2.80747e-03	2.774030e-08	7.881497e-09	
107	7.050000e-09	-2.89417e-03	5.906323e-09	6.220224e-09	
108	7.054000e-09	-2.95841e-03	-1.15766e-08	3.760971e-09	
109	7.062000e-09	-2.96964e-03	-4.91413e-08	-2.85880e-09	
110	7.078000e-09	-2.97738e-03	-5.36959e-08	-1.29292e-08	
111	7.110000e-09	-2.98176e-03	-1.06688e-08	-1.04951e-08	
112	7.174000e-09	-2.98362e-03	1.554082e-08	4.308114e-09	

Index   time            v1#branch       v2#branch       v3#branch       
--------------------------------------------------------------------------------
113	7.279863e-09	-2.98455e-03	6.125422e-09	3.544551e-09	
114	7.394536e-09	-2.98435e-03	-8.21465e-09	-2.39941e-09	
115	7.554589e-09	-2.98422e-03	7.816656e-09	1.447037e-09	
116	7.874695e-09	-2.98447e-03	-7.51701e-09	-1.09265e-09	
117	8.000000e-09	-2.98415e-03	6.765537e-09	4.777947e-10	
118	8.005000e-09	-2.83720e-03	4.762292e-09	7.482960e-10	
119	8.015000e-09	-2.79178e-03	6.267163e-09	1.349979e-09	
120	8.035000e-09	-2.98863e-03	9.027365e-09	2.418552e-09	
121	8.050000e-09	-3.16095e-03	2.975721e-09	2.125893e-09	
122	8.054000e-09	-3.29796e-03	-1.14580e-09	1.526216e-09	
123	8.062000e-09	-3.31881e-03	-1.09294e-08	-1.50373e-10	
124	8.078000e-09	-3.31990e-03	-1.65862e-08	-3.33459e-09	
125	8.110000e-09	-3.32955e-03	-6.19340e-09	-3.79092e-09	
126	8.171569e-09	-3.33393e-03	4.419290e-09	7.276459e-10	
127	8.278410e-09	-3.33763e-03	3.136979e-09	1.627488e-09	
128	8.391944e-09	-3.33656e-03	-2.86440e-09	-7.70000e-10	
129	8.551075e-09	-3.33635e-03	2.259155e-09	3.262592e-10	
130	8.869337e-09	-3.33709e-03	-2.00602e-09	-1.89217e-10	
131	9.000000e-09	-3.33597e-03	1.540609e-09	-2.64511e-12	
132	9.005000e-09	-3.26723e-03	1.472021e-09	1.254544e-10	
133	9.015000e-09	-3.24469e-03	2.863376e-09	4.593801e-10	
134	9.035000e-09	-3.33711e-03	5.389540e-09	1.262743e-09	
135	9.050000e-09	-3.42240e-03	3.486507e-09	1.418581e-09	
136	9.054000e-09	-3.48573e-03	1.656611e-09	1.209319e-09	
137	9.062000e-09	-3.49542e-03	-3.31782e-09	4.964377e-10	
138	9.078000e-09	-3.50339e-03	-9.45395e-09	-1.42896e-09	
139	9.110000e-09	-3.51039e-03	-5.22266e-09	-2.47572e-09	
140	9.174000e-09	-3.51265e-03	2.719331e-09	2.336154e-10	
141	9.279674e-09	-3.51292e-03	2.051249e-09	1.131657e-09	
142	9.394199e-09	-3.51274e-03	-1.72838e-09	-5.01608e-10	
143	9.554535e-09	-3.51284e-03	1.286901e-09	1.988574e-10	
144	9.875207e-09	-3.51278e-03	-1.10620e-09	-1.06876e-10	
145	1.005000e-08	-3.51281e-03	8.470909e-10	3.112367e-12	
146	1.005500e-08	-3.71714e-03	3.243668e-04	-1.18726e-05	
147	1.006500e-08	-3.86734e-03	4.891527e-04	1.035435e-05	
148	1.008500e-08	-3.83436e-03	5.001451e-04	-2.64414e-05	
149	1.010000e-08	-3.37889e-03	2.627108e-04	-6.45629e-05	
150	1.010313e-08	-3.21988e-03	1.948063e-05	-2.48533e-05	
151	1.010940e-08	-3.16441e-03	-2.48182e-05	-1.33141e-05	
152	1.012194e-08	-3.15286e-03	-7.76701e-06	-7.81025e-06	
153	1.014702e-08	-3.15238e-03	-6.56248e-06	-1.20110e-06	
154	1.019718e-08	-3.16247e-03	3.418182e-06	-7.66521e-07	
155	1.028555e-08	-3.15826e-03	-3.43585e-06	5.547441e-07	
156	1.040501e-08	-3.16262e-03	3.374077e-06	-4.85381e-07	
157	1.064393e-08	-3.15833e-03	-3.33829e-06	4.595871e-07	
158	1.105000e-08	-3.16258e-03	3.315215e-06	-4.45696e-07	
159	1.105500e-08	-3.26142e-03	-7.85575e-06	1.568384e-04	
160	1.106500e-08	-3.33374e-03	2.056277e-05	2.313970e-04	
161	1.108500e-08	-3.33349e-03	2.532215e-05	2.409248e-04	
162	1.110000e-08	-3.10538e-03	-4.97349e-05	1.307775e-04	
163	1.110400e-08	-3.04030e-03	-1.19654e-05	9.583217e-06	
164	1.111200e-08	-3.00415e-03	-1.01337e-05	-5.87750e-06	
165	1.112800e-08	-2.99042e-03	-3.88296e-06	-9.64787e-07	
166	1.116000e-08	-2.98326e-03	9.056885e-07	-7.09684e-07	
167	1.121948e-08	-2.98493e-03	-9.42732e-07	6.699310e-07	
168	1.133825e-08	-2.98377e-03	9.136688e-07	-6.67476e-07	
169	1.157579e-08	-2.98480e-03	-8.99404e-07	6.648548e-07	
170	1.205000e-08	-2.98382e-03	8.923821e-07	-6.63214e-07	

Index   time            v1#branch       v2#branch       v3#branch       
--------------------------------------------------------------------------------
171	1.205500e-08	-3.16997e-03	-4.44665e-06	-1.73698e-06	
172	1.206500e-08	-3.34532e-03	4.085593e-06	8.000840e-07	
173	1.208500e-08	-3.39303e-03	1.251604e-05	6.120946e-06	
174	1.210000e-08	-2.86865e-03	-1.62442e-05	-5.04105e-06	
175	1.210400e-08	-2.72769e-03	-3.73575e-06	-2.70380e-06	
176	1.211200e-08	-2.66066e-03	-2.37568e-06	-1.00587e-06	
177	1.212800e-08	-2.63897e-03	-2.46024e-06	-1.38994e-06	
178	1.216000e-08	-2.63209e-03	5.371039e-07	3.028965e-07	
179	1.222400e-08	-2.63249e-03	-6.92660e-07	-3.62905e-07	
180	1.235200e-08	-2.63142e-03	7.040624e-07	3.590353e-07	
181	1.260800e-08	-2.63257e-03	-7.05040e-07	-3.54903e-07	
182	1.305000e-08	-2.63140e-03	7.047154e-07	3.521182e-07	
183	1.305500e-08	-2.73039e-03	-1.04465e-06	-3.35259e-07	
184	1.306500e-08	-2.81218e-03	7.131832e-08	-1.81854e-07	
185	1.308500e-08	-2.82215e-03	3.648273e-06	1.634780e-06	
186	1.310000e-08	-2.58376e-03	-1.86464e-06	-2.71296e-07	
187	1.310400e-08	-2.51494e-03	-1.19407e-06	-4.73241e-07	
188	1.311200e-08	-2.47839e-03	-7.43497e-07	-4.67777e-07	
189	1.312800e-08	-2.46326e-03	-9.11276e-07	-3.69225e-07	
190	1.316000e-08	-2.45575e-03	9.343419e-08	-6.44658e-08	
191	1.322400e-08	-2.45601e-03	-1.50078e-07	3.085655e-08	
192	1.335200e-08	-2.45569e-03	1.552282e-07	-2.62709e-08	
193	1.360800e-08	-2.45596e-03	-1.56135e-07	2.487193e-08	
194	1.405000e-08	-2.45571e-03	1.563252e-07	-2.42406e-08	
195	1.405500e-08	-2.63992e-03	-4.03820e-07	-1.54655e-07	
196	1.406500e-08	-2.81654e-03	-6.03471e-08	-8.93562e-08	
197	1.408500e-08	-2.88112e-03	1.631351e-06	6.997788e-07	
198	1.410000e-08	-2.33807e-03	-5.06129e-07	2.299463e-08	
199	1.410400e-08	-2.20081e-03	-3.79990e-07	-1.13799e-07	
200	1.411200e-08	-2.13630e-03	-2.66978e-07	-1.73520e-07	
201	1.412800e-08	-2.11255e-03	-4.41214e-07	-1.70803e-07	
202	1.416000e-08	-2.10426e-03	-5.54404e-08	-8.43365e-08	
203	1.422400e-08	-2.10374e-03	-2.21604e-08	4.071523e-08	
204	1.435200e-08	-2.10318e-03	3.058249e-08	-3.50633e-08	
205	1.460800e-08	-2.10389e-03	-3.25354e-08	3.345239e-08	
206	1.505000e-08	-2.10313e-03	3.322849e-08	-3.27540e-08	
207	1.505500e-08	-2.20175e-03	-9.42949e-08	-3.91830e-08	
208	1.506500e-08	-2.28285e-03	-8.94209e-08	-4.74073e-08	
209	1.508500e-08	-2.29861e-03	4.191865e-07	1.672241e-07	
210	1.510000e-08	-2.05180e-03	1.077707e-07	1.046665e-07	
211	1.510400e-08	-1.98497e-03	6.991275e-09	3.657731e-08	
212	1.511200e-08	-1.95036e-03	-8.32018e-08	-3.54516e-08	
213	1.512800e-08	-1.93568e-03	-1.21721e-07	-5.99025e-08	
214	1.516000e-08	-1.92740e-03	-6.63072e-08	-3.49280e-08	
215	1.522400e-08	-1.92760e-03	2.755154e-08	1.335560e-08	
216	1.535200e-08	-1.92712e-03	-2.16928e-08	-9.85867e-09	
217	1.560800e-08	-1.92760e-03	1.986758e-08	8.721389e-09	
218	1.605000e-08	-1.92713e-03	-1.90418e-08	-8.18720e-09	
219	1.605500e-08	-2.11133e-03	-4.05235e-08	-1.64240e-08	
220	1.606500e-08	-2.28803e-03	-4.01333e-08	-2.11365e-08	
221	1.608500e-08	-2.35452e-03	1.831399e-07	7.291646e-08	
222	1.610000e-08	-1.80869e-03	8.471156e-08	6.038986e-08	
223	1.610400e-08	-1.67233e-03	3.192629e-08	3.014485e-08	
224	1.611200e-08	-1.60847e-03	-1.77352e-08	-4.80773e-09	
225	1.612800e-08	-1.58472e-03	-5.51903e-08	-2.61092e-08	
226	1.616000e-08	-1.57602e-03	-4.56789e-08	-2.34773e-08	
227	1.622400e-08	-1.57524e-03	1.234420e-08	5.557966e-09	
228	1.635200e-08	-1.57472e-03	-8.65322e-09	-3.48077e-09	

Index   time            v1#branch       v2#branch       v3#branch       
--------------------------------------------------------------------------------
229	1.660800e-08	-1.57542e-03	7.666116e-09	2.902217e-09	
230	1.705000e-08	-1.57466e-03	-7.24944e-09	-2.64976e-09	
231	1.705500e-08	-1.67329e-03	-1.05221e-08	-4.57677e-09	
232	1.706500e-08	-1.75418e-03	-1.55571e-08	-7.08771e-09	
233	1.708500e-08	-1.77074e-03	4.161915e-08	1.549022e-08	
234	1.710000e-08	-1.52255e-03	4.690995e-08	2.510802e-08	
235	1.710400e-08	-1.45611e-03	2.867442e-08	1.745509e-08	
236	1.711200e-08	-1.42195e-03	5.131002e-09	5.263337e-09	
237	1.712800e-08	-1.40743e-03	-1.62345e-08	-7.59615e-09	
238	1.716000e-08	-1.39907e-03	-1.77510e-08	-8.84831e-09	
239	1.722400e-08	-1.39910e-03	2.954174e-09	1.037456e-09	
240	1.735200e-08	-1.39867e-03	-1.26195e-09	-1.54393e-10	
241	1.760800e-08	-1.39911e-03	8.063687e-10	-8.02773e-11	
242	1.805000e-08	-1.39867e-03	-6.12767e-10	1.790551e-10	
243	1.805500e-08	-1.58288e-03	-4.20849e-09	-1.62057e-09	
244	1.806500e-08	-1.75986e-03	-6.90726e-09	-3.13448e-09	
245	1.808500e-08	-1.82237e-03	1.896823e-08	7.061400e-09	
246	1.810000e-08	-1.28014e-03	2.701252e-08	1.363740e-08	
247	1.810400e-08	-1.14473e-03	1.878513e-08	1.052681e-08	
248	1.811200e-08	-1.08181e-03	7.430429e-09	5.045290e-09	
249	1.812800e-08	-1.05767e-03	-6.06238e-09	-2.47750e-09	
250	1.816000e-08	-1.04776e-03	-1.13619e-08	-5.71308e-09	
251	1.822400e-08	-1.04657e-03	1.872447e-10	-5.00543e-11	
252	1.835200e-08	-1.04640e-03	5.747235e-10	4.079635e-10	
253	1.860800e-08	-1.04680e-03	-7.01001e-10	-4.57112e-10	
254	1.912000e-08	-1.04633e-03	7.321837e-10	4.657426e-10	
255	1.972000e-08	-1.04683e-03	-7.47477e-10	-4.67560e-10	
256	2.000000e-08	-1.04630e-03	7.559050e-10	4.598142e-10	
257	2.000500e-08	-8.67205e-04	-2.79030e-04	1.725940e-05	
258	2.001500e-08	-7.98849e-04	-3.68930e-04	-7.05206e-07	
259	2.003500e-08	-1.03355e-03	-3.89166e-04	-5.31128e-06	
260	2.005000e-08	-1.22578e-03	-4.16164e-04	4.594724e-06	
261	2.005400e-08	-1.40034e-03	-1.28672e-04	-1.89079e-05	
262	2.006200e-08	-1.44959e-03	-6.06433e-05	-3.69698e-06	
263	2.007800e-08	-1.43971e-03	-6.47467e-05	1.313977e-06	
264	2.011000e-08	-1.47338e-03	-1.22434e-06	1.155075e-05	
265	2.017400e-08	-1.40847e-03	7.277338e-06	5.806684e-06	
266	2.026645e-08	-1.39933e-03	-1.25162e-06	4.364911e-06	
267	2.038311e-08	-1.39996e-03	3.009135e-06	3.514873e-06	
268	2.050970e-08	-1.40032e-03	-9.15416e-07	-4.15282e-08	
269	2.076287e-08	-1.39740e-03	7.712653e-07	5.159532e-07	
270	2.100000e-08	-1.40058e-03	-5.24716e-07	-6.73527e-07	
271	2.100500e-08	-1.32364e-03	2.259268e-05	-1.32282e-04	
272	2.101500e-08	-1.28329e-03	6.632612e-06	-1.75236e-04	
273	2.103500e-08	-1.37846e-03	-5.16345e-06	-2.05564e-04	
274	2.105000e-08	-1.47619e-03	-1.06862e-05	-1.99901e-04	
275	2.105400e-08	-1.54815e-03	-2.63669e-05	-7.73948e-05	
276	2.106200e-08	-1.56963e-03	-6.14926e-06	-6.00634e-05	
277	2.107800e-08	-1.58633e-03	-1.38060e-07	-4.37475e-05	
278	2.111000e-08	-1.61765e-03	-9.00315e-06	1.476101e-05	
279	2.117400e-08	-1.59364e-03	1.276195e-05	-1.55047e-06	
280	2.124483e-08	-1.57645e-03	-7.99848e-06	4.868812e-06	
281	2.137897e-08	-1.57237e-03	7.240483e-06	-5.07953e-06	
282	2.149971e-08	-1.57858e-03	-6.46933e-06	5.243470e-06	
283	2.174121e-08	-1.57132e-03	6.115764e-06	-5.29907e-06	
284	2.200000e-08	-1.57903e-03	-5.80279e-06	5.339106e-06	
285	2.200500e-08	-1.42124e-03	1.064118e-06	1.742947e-07	
286	2.201500e-08	-1.37424e-03	1.666462e-06	6.602166e-07	

Index   time            v1#branch       v2#branch       v3#branch       
--------------------------------------------------------------------------------
287	2.203500e-08	-1.57331e-03	-3.11310e-06	-4.86655e-07	
288	2.205000e-08	-1.74362e-03	-1.31561e-07	1.014098e-07	
289	2.205400e-08	-1.89176e-03	-7.17547e-06	-9.14954e-07	
290	2.206200e-08	-1.92527e-03	-3.08326e-06	-1.20276e-06	
291	2.207800e-08	-1.92812e-03	1.093568e-06	-6.18142e-07	
292	2.211000e-08	-1.93059e-03	-6.15648e-07	1.198279e-07	
293	2.217395e-08	-1.92427e-03	2.397235e-06	3.266560e-07	
294	2.228031e-08	-1.92871e-03	-1.90210e-06	-1.41161e-08	
295	2.239353e-08	-1.92732e-03	1.760406e-06	-3.52888e-08	
296	2.254629e-08	-1.92686e-03	-1.69610e-06	4.244665e-08	
297	2.285180e-08	-1.92813e-03	1.667798e-06	-4.35023e-08	
298	2.300000e-08	-1.92632e-03	-1.61292e-06	4.384903e-08	
299	2.300500e-08	-1.85626e-03	8.200265e-07	1.378111e-07	
300	2.301500e-08	-1.83069e-03	1.242510e-06	2.557305e-07	
301	2.303500e-08	-1.92289e-03	-7.60875e-07	5.044600e-08	
302	2.305000e-08	-2.00820e-03	-1.24288e-07	-3.78698e-08	
303	2.305400e-08	-2.07592e-03	-2.09124e-06	-1.96549e-07	
304	2.306200e-08	-2.09091e-03	-2.73731e-06	-4.47497e-07	
305	2.307800e-08	-2.10314e-03	-2.14957e-07	-5.29273e-07	
306	2.311000e-08	-2.10807e-03	-6.89333e-08	2.602048e-09	
307	2.317400e-08	-2.10517e-03	9.002936e-07	1.608091e-07	
308	2.327749e-08	-2.10258e-03	-5.34913e-07	2.699912e-08	
309	2.338842e-08	-2.10441e-03	4.178564e-07	-4.78142e-08	
310	2.354145e-08	-2.10271e-03	-3.64758e-07	4.628313e-08	
311	2.384751e-08	-2.10437e-03	3.422862e-07	-4.43584e-08	
312	2.400000e-08	-2.10275e-03	-3.02173e-07	3.997945e-08	
313	2.400500e-08	-1.95451e-03	1.917501e-07	5.946827e-08	
314	2.401500e-08	-1.90734e-03	3.432143e-07	7.606070e-08	
315	2.403500e-08	-2.10481e-03	-4.78177e-08	4.297327e-08	
316	2.405000e-08	-2.27804e-03	-1.96139e-07	-1.21015e-08	
317	2.405400e-08	-2.41993e-03	-6.46062e-07	-5.92773e-08	
318	2.406200e-08	-2.44521e-03	-7.95725e-07	-1.25982e-07	
319	2.407800e-08	-2.44459e-03	-9.91397e-08	-1.56202e-07	
320	2.411000e-08	-2.44936e-03	-7.26330e-08	-1.85585e-08	
321	2.417355e-08	-2.45208e-03	2.619535e-07	4.354170e-08	
322	2.427990e-08	-2.45736e-03	-1.18226e-07	1.784587e-08	
323	2.439464e-08	-2.45560e-03	7.909771e-08	-2.02108e-08	
324	2.455277e-08	-2.45557e-03	-6.45850e-08	1.715627e-08	
325	2.486904e-08	-2.45635e-03	5.894501e-08	-1.55721e-08	
326	2.500000e-08	-2.45503e-03	-4.74611e-08	1.224264e-08	
327	2.500500e-08	-2.38578e-03	6.997238e-08	1.933325e-08	
328	2.501500e-08	-2.36215e-03	1.953867e-07	3.388043e-08	
329	2.503500e-08	-2.45419e-03	7.870172e-08	4.384244e-08	
330	2.505000e-08	-2.54068e-03	-6.81841e-08	7.277182e-09	
331	2.505400e-08	-2.60541e-03	-2.33338e-07	-9.06282e-09	
332	2.506200e-08	-2.61717e-03	-4.39939e-07	-5.29993e-08	
333	2.507800e-08	-2.62586e-03	-1.93095e-07	-8.73110e-08	
334	2.511000e-08	-2.63050e-03	-1.17820e-08	-3.67580e-08	
335	2.517400e-08	-2.63184e-03	1.101075e-07	3.693856e-08	
336	2.528123e-08	-2.63199e-03	-1.79853e-08	2.325130e-09	
337	2.539689e-08	-2.63219e-03	-3.88692e-09	-3.31224e-09	
338	2.555636e-08	-2.63178e-03	1.010759e-08	1.023638e-09	
339	2.587531e-08	-2.63227e-03	-1.20989e-08	1.105063e-10	
340	2.600000e-08	-2.63174e-03	1.563575e-08	-2.54629e-09	
341	2.600500e-08	-2.48402e-03	2.559821e-08	7.728324e-09	
342	2.601500e-08	-2.43803e-03	4.485352e-08	9.670934e-09	
343	2.603500e-08	-2.63541e-03	3.517050e-08	1.294233e-08	
344	2.605000e-08	-2.80877e-03	-1.20702e-08	6.422486e-09	

Index   time            v1#branch       v2#branch       v3#branch       
--------------------------------------------------------------------------------
345	2.605400e-08	-2.94843e-03	-5.11727e-08	6.775060e-10	
346	2.606200e-08	-2.97120e-03	-1.09918e-07	-1.22224e-08	
347	2.607800e-08	-2.96966e-03	-6.89867e-08	-2.38965e-08	
348	2.611000e-08	-2.97709e-03	-1.11702e-08	-1.30743e-08	
349	2.617291e-08	-2.98040e-03	2.723625e-08	7.310743e-09	
350	2.627882e-08	-2.98598e-03	5.786459e-09	5.148598e-09	
351	2.639276e-08	-2.98386e-03	-1.00561e-08	-3.87541e-09	
352	2.655163e-08	-2.98430e-03	1.017381e-08	2.591787e-09	
353	2.686937e-08	-2.98455e-03	-1.00477e-08	-2.10073e-09	
354	2.700000e-08	-2.98379e-03	9.667430e-09	1.258361e-09	
355	2.700500e-08	-2.91458e-03	1.057934e-08	1.880207e-09	
356	2.701500e-08	-2.89135e-03	2.295409e-08	4.030203e-09	
357	2.703500e-08	-2.98398e-03	2.770791e-08	7.872367e-09	
358	2.705000e-08	-3.07023e-03	5.892576e-09	6.212032e-09	
359	2.705400e-08	-3.13428e-03	-1.15787e-08	3.754517e-09	
360	2.706200e-08	-3.14511e-03	-4.91122e-08	-2.86011e-09	
361	2.707800e-08	-3.15277e-03	-5.36149e-08	-1.29159e-08	
362	2.711000e-08	-3.15802e-03	-1.06392e-08	-1.04767e-08	
363	2.717400e-08	-3.15998e-03	1.547805e-08	4.293858e-09	
364	2.727985e-08	-3.16065e-03	6.154969e-09	3.543743e-09	
365	2.739452e-08	-3.16051e-03	-8.21608e-09	-2.39175e-09	
366	2.755457e-08	-3.16040e-03	7.811795e-09	1.440479e-09	
367	2.787467e-08	-3.16060e-03	-7.51138e-09	-1.08718e-09	
368	2.800000e-08	-3.16034e-03	6.760748e-09	4.749971e-10	
369	2.800500e-08	-3.02128e-03	4.640833e-09	7.333853e-10	
370	2.801500e-08	-2.97879e-03	5.878738e-09	1.293183e-09	
371	2.803500e-08	-3.16200e-03	8.804757e-09	2.325531e-09	
372	2.805000e-08	-3.33132e-03	3.310745e-09	2.116732e-09	
373	2.805400e-08	-3.45868e-03	-6.16613e-10	1.560472e-09	
374	2.806200e-08	-3.47714e-03	-1.00487e-08	-2.33350e-11	
375	2.807800e-08	-3.49415e-03	-1.61427e-08	-3.14845e-09	
376	2.811000e-08	-3.50755e-03	-6.60490e-09	-3.79788e-09	
377	2.817400e-08	-3.51298e-03	4.639431e-09	7.550156e-10	
378	2.827887e-08	-3.51255e-03	2.977717e-09	1.621803e-09	
379	2.839280e-08	-3.51314e-03	-2.68855e-09	-7.62131e-10	
380	2.855132e-08	-3.51243e-03	2.106584e-09	3.258567e-10	
381	2.886835e-08	-3.51321e-03	-1.86412e-09	-1.91454e-10	
382	2.946835e-08	-3.51240e-03	1.751666e-09	1.372604e-10	
383	3.000000e-08	-3.51323e-03	-1.63684e-09	-8.72568e-11	

                   *  home ameya esim-workspace 10bb 10bb.cir
                   Transient Analysis  Wed Jul 29 12:15:05  2020
--------------------------------------------------------------------------------
Index   time            v4#branch       v5#branch       v6#branch       
--------------------------------------------------------------------------------
0	0.000000e+00	0.000000e+00	0.000000e+00	0.000000e+00	
1	5.000000e-13	5.189971e-06	4.411031e-07	7.826908e-08	
2	1.000000e-12	6.780983e-06	6.457672e-07	1.906953e-07	
3	2.000000e-12	7.452833e-06	9.462389e-07	4.163188e-07	
4	4.000000e-12	5.348341e-06	1.263977e-06	6.592393e-07	
5	8.000000e-12	3.099204e-06	1.130860e-06	6.092250e-07	
6	1.600000e-11	1.061351e-06	5.640693e-07	4.016138e-07	
7	3.200000e-11	-1.56206e-06	-1.77956e-07	-3.81493e-08	
8	5.000000e-11	-1.11450e-06	-4.37435e-07	-2.37208e-07	
9	5.320000e-11	-6.97495e-06	-1.32532e-06	-6.38426e-07	
10	5.960000e-11	-3.73031e-06	-1.45347e-06	-8.62748e-07	
11	7.240000e-11	1.385061e-06	-9.64506e-08	-1.67281e-07	
12	9.800000e-11	-2.06476e-06	-2.83595e-07	-1.66454e-07	
13	1.492000e-10	2.436566e-06	3.366801e-07	1.687916e-07	
14	2.411450e-10	-1.52642e-06	-3.26750e-08	2.164253e-08	
15	3.268049e-10	1.280131e-06	-1.35940e-08	-3.41579e-08	
16	4.678613e-10	-1.17159e-06	2.794334e-08	3.568873e-08	
17	6.074771e-10	1.172709e-06	-9.70272e-09	-1.88957e-08	
18	8.867088e-10	-1.16871e-06	4.060033e-09	1.376074e-08	
19	1.000000e-09	1.172295e-06	1.013104e-08	-2.56989e-09	
20	1.005000e-09	4.579727e-07	6.830105e-08	3.280813e-08	
21	1.015000e-09	5.988742e-07	1.586384e-07	8.054415e-08	
22	1.035000e-09	1.624346e-07	9.112570e-08	6.964133e-08	
23	1.050000e-09	-3.43810e-07	-4.48140e-08	-1.66181e-08	
24	1.054000e-09	-7.78947e-07	-1.46840e-07	-6.60723e-08	
25	1.062000e-09	-7.34351e-07	-2.12938e-07	-1.13430e-07	
26	1.078000e-09	-1.90214e-07	-1.16233e-07	-8.15938e-08	
27	1.110000e-09	-4.16727e-07	-1.00872e-07	-6.16613e-08	
28	1.174000e-09	3.875546e-07	6.613799e-08	2.990492e-08	
29	1.244833e-09	-3.55896e-10	5.589609e-08	4.388351e-08	
30	1.378979e-09	-1.77785e-08	-5.04152e-08	-3.57334e-08	
31	1.499715e-09	3.453711e-08	4.565544e-08	2.961569e-08	
32	1.741186e-09	-4.17059e-08	-4.36798e-08	-2.73691e-08	
33	2.000000e-09	4.784433e-08	4.204226e-08	2.562034e-08	
34	2.005000e-09	-2.67461e-04	1.584226e-05	4.805257e-06	
35	2.015000e-09	-3.45046e-04	-1.83445e-06	1.462932e-06	
36	2.035000e-09	-4.07058e-04	2.732975e-06	-8.83689e-07	
37	2.050000e-09	-4.27516e-04	-1.26914e-06	-5.82387e-07	
38	2.054000e-09	-1.39161e-04	-2.35606e-05	-6.91846e-06	
39	2.062000e-09	-5.83338e-05	-3.59055e-06	-4.20921e-06	
40	2.078000e-09	-4.79885e-05	3.341245e-06	7.357572e-07	
41	2.110000e-09	-2.57278e-05	1.057381e-06	-7.71536e-07	
42	2.173950e-09	6.501713e-06	5.967836e-06	1.996078e-06	
43	2.280306e-09	-4.01496e-06	-4.92929e-06	-1.67485e-06	
44	2.393535e-09	2.547136e-06	4.333960e-06	1.514494e-06	
45	2.546289e-09	-1.79029e-06	-4.02408e-06	-1.43964e-06	
46	2.851799e-09	1.484378e-06	3.894548e-06	1.410455e-06	
47	3.000000e-09	-9.66682e-07	-3.66483e-06	-1.36098e-06	
48	3.005000e-09	1.966158e-05	-1.32828e-04	6.984536e-07	
49	3.015000e-09	3.871748e-06	-1.66301e-04	1.100902e-06	
50	3.035000e-09	-5.33229e-06	-2.01357e-04	-2.52795e-07	
51	3.050000e-09	-3.67005e-06	-2.16022e-04	-1.17218e-07	
52	3.054000e-09	-3.67393e-05	-7.08032e-05	-1.18509e-06	
53	3.062000e-09	-1.70735e-05	-3.76237e-05	-1.93373e-06	
54	3.078000e-09	4.035989e-06	-2.56360e-05	-4.53747e-07	

Index   time            v4#branch       v5#branch       v6#branch       
--------------------------------------------------------------------------------
55	3.110000e-09	-9.32556e-07	-1.31906e-05	1.382082e-07	
56	3.174000e-09	8.192485e-06	5.210765e-06	3.426864e-07	
57	3.277485e-09	-7.13510e-06	-3.54376e-06	-1.66091e-07	
58	3.388421e-09	6.489264e-06	2.526325e-06	8.348912e-08	
59	3.541449e-09	-6.12346e-06	-1.99031e-06	-4.76307e-08	
60	3.847507e-09	5.961172e-06	1.766464e-06	3.420913e-08	
61	4.000000e-09	-5.66558e-06	-1.38554e-06	-1.30084e-08	
62	4.005000e-09	3.535634e-06	-9.58411e-08	-2.67610e-04	
63	4.015000e-09	1.652638e-06	6.109569e-07	-3.45137e-04	
64	4.035000e-09	-2.85596e-07	2.944908e-07	-4.22569e-04	
65	4.050000e-09	-3.29851e-06	-7.52594e-07	-4.26913e-04	
66	4.054000e-09	-9.41133e-06	-1.79780e-06	-1.40768e-04	
67	4.062000e-09	-5.93536e-06	-2.46522e-06	-6.03587e-05	
68	4.078000e-09	8.173925e-07	-7.36338e-07	-4.87198e-05	
69	4.110000e-09	-5.05344e-07	1.504451e-07	-2.98072e-05	
70	4.173555e-09	2.679747e-06	5.792275e-07	6.840291e-06	
71	4.279898e-09	-1.97706e-06	-1.74556e-07	-4.52844e-06	
72	4.394646e-09	1.631229e-06	2.082401e-08	3.082187e-06	
73	4.552779e-09	-1.46708e-06	3.314152e-08	-2.30844e-06	
74	4.869043e-09	1.401039e-06	-5.05890e-08	1.984129e-06	
75	5.000000e-09	-1.26916e-06	7.844164e-08	-1.33061e-06	
76	5.005000e-09	1.164593e-06	2.432784e-07	1.892810e-05	
77	5.015000e-09	1.685291e-06	4.919419e-07	3.268665e-06	
78	5.035000e-09	2.447370e-07	3.366845e-07	-6.41817e-07	
79	5.050000e-09	-9.46637e-07	-1.32220e-07	-1.18293e-05	
80	5.054000e-09	-3.63024e-06	-6.03133e-07	-3.75962e-05	
81	5.062000e-09	-4.62302e-06	-1.28335e-06	-1.58464e-05	
82	5.078000e-09	-4.19311e-07	-8.13244e-07	6.252058e-06	
83	5.110000e-09	-1.17445e-07	7.885889e-08	-2.95098e-06	
84	5.174000e-09	1.380937e-06	3.130497e-07	9.248968e-06	
85	5.281225e-09	-8.78553e-07	-4.23377e-08	-8.32479e-06	
86	5.396888e-09	6.411470e-07	-5.11961e-08	7.713833e-06	
87	5.556361e-09	-5.34480e-07	7.888080e-08	-7.35757e-06	
88	5.875307e-09	4.933273e-07	-8.62291e-08	7.198831e-06	
89	6.000000e-09	-4.10772e-07	9.497322e-08	-6.83669e-06	
90	6.005000e-09	2.290061e-07	9.429239e-08	3.609602e-06	
91	6.015000e-09	4.725261e-07	1.220807e-07	1.770298e-06	
92	6.035000e-09	1.420474e-07	1.190889e-07	3.850353e-07	
93	6.050000e-09	-2.37713e-07	-2.12430e-08	-3.66612e-06	
94	6.054000e-09	-8.20868e-07	-1.28195e-07	-9.52246e-06	
95	6.062000e-09	-1.20388e-06	-3.13489e-07	-6.27652e-06	
96	6.078000e-09	-3.52333e-07	-2.60178e-07	8.966491e-07	
97	6.110000e-09	-3.09764e-08	-2.13158e-08	-6.28991e-07	
98	6.172930e-09	3.344191e-07	9.563300e-08	2.675034e-06	
99	6.278867e-09	-1.24250e-07	5.164973e-09	-2.00218e-06	
100	6.392845e-09	5.304921e-08	-2.75275e-08	1.657061e-06	
101	6.551718e-09	-3.06658e-08	2.973754e-08	-1.49319e-06	
102	6.869465e-09	2.373933e-08	-2.92370e-08	1.427152e-06	
103	7.000000e-09	-1.27472e-08	2.654478e-08	-1.29466e-06	
104	7.005000e-09	1.135110e-07	3.462319e-08	1.205059e-06	
105	7.015000e-09	2.571463e-07	6.336858e-08	1.758714e-06	
106	7.035000e-09	1.893732e-07	8.808399e-08	4.803705e-07	
107	7.050000e-09	-3.36316e-08	2.801658e-08	-1.11326e-06	
108	7.054000e-09	-2.77427e-07	-2.03330e-08	-3.78295e-06	
109	7.062000e-09	-6.29686e-07	-1.31671e-07	-4.83294e-06	
110	7.078000e-09	-3.92430e-07	-1.82000e-07	-3.76533e-07	
111	7.110000e-09	-5.95301e-09	-3.79531e-08	-1.50387e-07	
112	7.174000e-09	1.691379e-07	6.353541e-08	1.405073e-06	

Index   time            v4#branch       v5#branch       v6#branch       
--------------------------------------------------------------------------------
113	7.279863e-09	-2.43983e-08	5.674251e-09	-9.14184e-07	
114	7.394536e-09	-1.98532e-08	-1.94529e-08	6.764559e-07	
115	7.554589e-09	3.144668e-08	2.001647e-08	-5.70080e-07	
116	7.874695e-09	-3.43219e-08	-1.92795e-08	5.290543e-07	
117	8.000000e-09	3.757033e-08	1.656346e-08	-4.47287e-07	
118	8.005000e-09	4.110899e-08	1.469942e-08	2.516314e-07	
119	8.015000e-09	6.950253e-08	1.942301e-08	5.211466e-07	
120	8.035000e-09	6.542833e-08	2.701613e-08	1.859836e-07	
121	8.050000e-09	3.195376e-10	1.229598e-08	-2.34863e-07	
122	8.054000e-09	-5.47895e-08	4.060980e-10	-8.51479e-07	
123	8.062000e-09	-1.53499e-07	-2.86368e-08	-1.29558e-06	
124	8.078000e-09	-1.39907e-07	-5.39412e-08	-4.44287e-07	
125	8.110000e-09	-2.27759e-08	-2.17069e-08	-4.20638e-09	
126	8.171569e-09	5.157780e-08	1.855545e-08	3.386805e-07	
127	8.278410e-09	5.173024e-09	6.203443e-09	-1.13123e-07	
128	8.391944e-09	-1.55498e-08	-7.91889e-09	3.615785e-08	
129	8.551075e-09	1.559447e-08	6.412069e-09	-1.35616e-08	
130	8.869337e-09	-1.49374e-08	-5.58078e-09	7.038546e-09	
131	9.000000e-09	1.297375e-08	3.855722e-09	2.412611e-09	
132	9.005000e-09	1.611190e-08	4.256298e-09	1.239751e-07	
133	9.015000e-09	3.308520e-08	8.416495e-09	2.726650e-07	
134	9.035000e-09	4.618508e-08	1.613466e-08	2.109948e-07	
135	9.050000e-09	1.801043e-08	1.202892e-08	-3.15692e-08	
136	9.054000e-09	-5.67553e-09	6.941490e-09	-2.81947e-07	
137	9.062000e-09	-6.12969e-08	-7.20574e-09	-6.54585e-07	
138	9.078000e-09	-9.19209e-08	-2.93140e-08	-4.30416e-07	
139	9.110000e-09	-2.54246e-08	-1.84148e-08	-6.23734e-09	
140	9.174000e-09	3.182482e-08	1.132443e-08	1.798079e-07	
141	9.279674e-09	5.810631e-09	4.617467e-09	-2.72891e-08	
142	9.394199e-09	-1.18446e-08	-5.23368e-09	-2.05834e-08	
143	9.554535e-09	1.145869e-08	4.048213e-09	3.302075e-08	
144	9.875207e-09	-1.08480e-08	-3.43576e-09	-3.60067e-08	
145	1.005000e-08	9.594451e-09	2.468759e-09	3.861219e-08	
146	1.005500e-08	-3.55846e-06	-1.21919e-06	-3.03400e-07	
147	1.006500e-08	4.680011e-06	6.937867e-07	1.091242e-07	
148	1.008500e-08	1.691757e-05	8.229678e-06	2.498870e-06	
149	1.010000e-08	-1.19896e-05	-1.31915e-07	1.342417e-07	
150	1.010313e-08	-6.40293e-06	-1.40207e-06	-2.50538e-07	
151	1.010940e-08	-5.46609e-06	-2.62777e-06	-5.91408e-07	
152	1.012194e-08	-5.00593e-06	-2.81184e-06	-8.44407e-07	
153	1.014702e-08	-8.59263e-07	-1.38349e-06	-4.38298e-07	
154	1.019718e-08	-7.22961e-07	5.074981e-09	-8.03192e-08	
155	1.028555e-08	5.828606e-07	-8.59203e-08	2.710838e-08	
156	1.040501e-08	-5.39241e-07	1.003827e-07	-1.58899e-08	
157	1.064393e-08	5.235757e-07	-1.03450e-07	1.308177e-08	
158	1.105000e-08	-5.15376e-07	1.046474e-07	-1.18654e-08	
159	1.105500e-08	-1.27681e-06	-4.01541e-07	-1.08919e-07	
160	1.106500e-08	4.876852e-07	-1.60743e-07	-6.35991e-08	
161	1.108500e-08	7.897790e-06	3.513779e-06	9.976124e-07	
162	1.110000e-08	-2.16430e-06	1.148307e-06	4.350400e-07	
163	1.110400e-08	-2.58162e-06	-5.02713e-08	9.687095e-08	
164	1.111200e-08	-2.86088e-06	-1.35969e-06	-2.84962e-07	
165	1.112800e-08	-2.00413e-06	-1.29263e-06	-3.96193e-07	
166	1.116000e-08	-3.81049e-07	-4.77182e-07	-1.61046e-07	
167	1.121948e-08	9.947261e-08	1.608516e-07	1.486488e-08	
168	1.133825e-08	-9.86228e-08	-1.35214e-07	-7.86341e-09	
169	1.157579e-08	1.022936e-07	1.275955e-07	6.043518e-09	
170	1.205000e-08	-1.04594e-07	-1.24522e-07	-5.33867e-09	

Index   time            v4#branch       v5#branch       v6#branch       
--------------------------------------------------------------------------------
171	1.205500e-08	3.315928e-04	-1.80448e-05	-4.75197e-06	
172	1.206500e-08	5.008574e-04	1.424425e-05	3.044051e-06	
173	1.208500e-08	5.117448e-04	1.414329e-05	1.627662e-05	
174	1.210000e-08	2.869827e-04	-5.26692e-05	-1.63986e-05	
175	1.210400e-08	4.024246e-05	-8.53842e-06	-5.99895e-06	
176	1.211200e-08	-1.22651e-05	-8.89397e-06	-2.75514e-06	
177	1.212800e-08	3.252286e-06	-3.65830e-06	-3.36524e-06	
178	1.216000e-08	-5.50744e-06	6.014467e-07	6.658831e-07	
179	1.222400e-08	4.909405e-06	-7.22568e-07	-9.58471e-07	
180	1.235200e-08	-4.72214e-06	7.023123e-07	9.605327e-07	
181	1.260800e-08	4.637405e-06	-6.87726e-07	-9.53918e-07	
182	1.305000e-08	-4.59022e-06	6.785974e-07	9.488446e-07	
183	1.305500e-08	-1.50184e-05	1.659684e-04	-1.71574e-06	
184	1.306500e-08	1.787189e-05	2.493324e-04	-5.53630e-08	
185	1.308500e-08	2.311244e-05	2.582751e-04	8.256870e-06	
186	1.310000e-08	-5.08701e-05	1.459782e-04	-4.11021e-06	
187	1.310400e-08	-5.29293e-06	1.653180e-05	-3.23668e-06	
188	1.311200e-08	-4.53382e-06	-3.73599e-06	-1.85182e-06	
189	1.312800e-08	-2.97100e-06	-3.99477e-08	-1.75883e-06	
190	1.316000e-08	1.478401e-06	-9.42114e-07	-3.48138e-08	
191	1.322400e-08	-1.51705e-06	8.731792e-07	-1.01068e-07	
192	1.335200e-08	1.502194e-06	-8.54621e-07	1.000366e-07	
193	1.360800e-08	-1.49280e-06	8.456073e-07	-9.59659e-08	
194	1.405000e-08	1.487012e-06	-8.40371e-07	9.305068e-08	
195	1.405500e-08	-4.31391e-06	-1.99104e-06	3.325461e-04	
196	1.406500e-08	3.852017e-06	8.544770e-07	5.008003e-04	
197	1.408500e-08	9.215149e-06	5.555822e-06	5.440662e-04	
198	1.410000e-08	-1.19927e-05	-4.45957e-06	2.777500e-04	
199	1.410400e-08	-2.94203e-06	-2.38612e-06	3.788153e-05	
200	1.411200e-08	-1.78606e-06	-8.98665e-07	-1.10125e-05	
201	1.412800e-08	-1.90984e-06	-1.29489e-06	3.639475e-06	
202	1.416000e-08	5.435352e-07	3.338343e-07	-5.50147e-06	
203	1.422400e-08	-6.56059e-07	-3.83561e-07	4.977658e-06	
204	1.435200e-08	6.632262e-07	3.784943e-07	-4.80856e-06	
205	1.460800e-08	-6.63372e-07	-3.74079e-07	4.731305e-06	
206	1.505000e-08	6.628062e-07	3.711946e-07	-4.68810e-06	
207	1.505500e-08	-1.04435e-06	-3.95878e-07	-1.52944e-05	
208	1.506500e-08	2.050424e-07	-1.53960e-07	1.945433e-05	
209	1.508500e-08	2.995849e-06	1.621706e-06	1.681900e-05	
210	1.510000e-08	-1.54822e-06	-2.91877e-07	-4.04058e-05	
211	1.510400e-08	-1.05496e-06	-4.75579e-07	-4.39892e-06	
212	1.511200e-08	-6.74858e-07	-4.57271e-07	-4.86147e-06	
213	1.512800e-08	-6.73139e-07	-3.52161e-07	-2.27815e-06	
214	1.516000e-08	3.344480e-08	-6.29725e-08	9.571797e-07	
215	1.522400e-08	-7.51696e-08	3.177268e-08	-1.02218e-06	
216	1.535200e-08	7.736916e-08	-2.82113e-08	1.021197e-06	
217	1.560800e-08	-7.72221e-08	2.725862e-08	-1.01863e-06	
218	1.605000e-08	7.687922e-08	-2.68808e-08	1.016727e-06	
219	1.605500e-08	-3.80559e-07	-1.67458e-07	-4.40161e-06	
220	1.606500e-08	-2.04321e-08	-8.51902e-08	3.987908e-06	
221	1.608500e-08	1.420046e-06	7.226878e-07	8.623033e-06	
222	1.610000e-08	-4.63344e-07	9.877525e-09	-1.11524e-05	
223	1.610400e-08	-3.60179e-07	-1.23846e-07	-2.78124e-06	
224	1.611200e-08	-2.56300e-07	-1.77595e-07	-1.77706e-06	
225	1.612800e-08	-3.60385e-07	-1.73189e-07	-1.83823e-06	
226	1.616000e-08	-5.53027e-08	-8.48366e-08	5.043006e-07	
227	1.622400e-08	-7.72035e-09	4.098524e-08	-6.18260e-07	
228	1.635200e-08	1.379793e-08	-3.56440e-08	6.260941e-07	

Index   time            v4#branch       v5#branch       v6#branch       
--------------------------------------------------------------------------------
229	1.660800e-08	-1.50157e-08	3.417968e-08	-6.26549e-07	
230	1.705000e-08	1.537794e-08	-3.35611e-08	6.261603e-07	
231	1.705500e-08	-8.83017e-08	-4.21764e-08	-1.05576e-06	
232	1.706500e-08	-7.40831e-08	-4.82861e-08	2.543926e-07	
233	1.708500e-08	3.821112e-07	1.796256e-07	2.923232e-06	
234	1.710000e-08	8.250695e-08	1.043335e-07	-1.50201e-06	
235	1.710400e-08	-5.25214e-09	3.400976e-08	-1.03714e-06	
236	1.711200e-08	-8.27492e-08	-3.93977e-08	-6.65359e-07	
237	1.712800e-08	-1.09894e-07	-6.28299e-08	-6.68921e-07	
238	1.716000e-08	-5.14655e-08	-3.51369e-08	3.148571e-08	
239	1.722400e-08	1.888503e-08	1.286478e-08	-7.51415e-08	
240	1.735200e-08	-1.40974e-08	-9.35491e-09	7.763527e-08	
241	1.760800e-08	1.261261e-08	8.220254e-09	-7.75620e-08	
242	1.805000e-08	-1.19328e-08	-7.68775e-09	7.727234e-08	
243	1.805500e-08	-3.98818e-08	-1.84930e-08	-3.98953e-07	
244	1.806500e-08	-3.77280e-08	-2.36084e-08	-3.54079e-08	
245	1.808500e-08	1.784931e-07	8.317401e-08	1.512582e-06	
246	1.810000e-08	8.128254e-08	6.860226e-08	-4.41099e-07	
247	1.810400e-08	2.930576e-08	3.442597e-08	-3.68999e-07	
248	1.811200e-08	-2.09644e-08	-5.72704e-09	-2.82796e-07	
249	1.812800e-08	-5.51485e-08	-3.02814e-08	-3.87429e-07	
250	1.816000e-08	-4.19550e-08	-2.65401e-08	-7.12860e-08	
251	1.822400e-08	1.112223e-08	6.257989e-09	3.131289e-09	
252	1.835200e-08	-7.41595e-09	-3.74494e-09	4.908130e-09	
253	1.860800e-08	6.409344e-09	3.042890e-09	-6.77664e-09	
254	1.912000e-08	-6.03411e-09	-2.77567e-09	7.363774e-09	
255	1.972000e-08	5.765508e-09	2.581576e-09	-7.72250e-09	
256	2.000000e-08	-5.31447e-09	-2.24772e-09	8.133208e-09	
257	2.000500e-08	5.061642e-06	9.239477e-07	4.522949e-07	
258	2.001500e-08	1.631270e-06	9.107570e-07	5.634039e-07	
259	2.003500e-08	-2.20133e-06	-4.57867e-07	-1.80743e-07	
260	2.005000e-08	-6.88964e-07	-3.16503e-07	-1.81004e-07	
261	2.005400e-08	-6.56277e-06	-1.29879e-06	-6.43523e-07	
262	2.006200e-08	-2.55915e-06	-1.26437e-06	-7.84376e-07	
263	2.007800e-08	1.333566e-06	1.124465e-07	-3.29420e-08	
264	2.011000e-08	-1.90381e-06	-3.33627e-07	-1.79301e-07	
265	2.017400e-08	2.669344e-06	5.059522e-07	2.682804e-07	
266	2.026645e-08	-2.05045e-06	-2.59658e-07	-1.06629e-07	
267	2.038311e-08	1.829709e-06	1.834341e-07	6.634144e-08	
268	2.050970e-08	-1.62354e-06	-1.21576e-07	-3.57282e-08	
269	2.076287e-08	1.573879e-06	1.100545e-07	3.269056e-08	
270	2.100000e-08	-1.51997e-06	-9.75927e-08	-2.88153e-08	
271	2.100500e-08	2.005890e-07	3.487280e-08	2.754040e-08	
272	2.101500e-08	6.525767e-07	1.727735e-07	9.839972e-08	
273	2.103500e-08	6.721691e-08	8.088134e-08	5.779777e-08	
274	2.105000e-08	-2.51032e-07	-4.66381e-08	-9.81819e-09	
275	2.105400e-08	-7.75307e-07	-1.43514e-07	-6.38838e-08	
276	2.106200e-08	-7.45700e-07	-2.15588e-07	-1.15411e-07	
277	2.107800e-08	-1.80354e-07	-1.15072e-07	-8.07106e-08	
278	2.111000e-08	-4.26991e-07	-1.02089e-07	-6.25268e-08	
279	2.117400e-08	3.977081e-07	6.724849e-08	3.065389e-08	
280	2.124483e-08	-1.03633e-08	5.487724e-08	4.322236e-08	
281	2.137897e-08	-7.81164e-09	-4.94256e-08	-3.51104e-08	
282	2.149971e-08	2.460817e-08	4.469621e-08	2.903830e-08	
283	2.174121e-08	-3.18043e-08	-4.27373e-08	-2.68152e-08	
284	2.200000e-08	3.797872e-08	4.111718e-08	2.508883e-08	
285	2.200500e-08	-2.67462e-04	1.584211e-05	4.805017e-06	
286	2.201500e-08	-3.45046e-04	-1.83443e-06	1.462953e-06	

Index   time            v4#branch       v5#branch       v6#branch       
--------------------------------------------------------------------------------
287	2.203500e-08	-4.07059e-04	2.732965e-06	-8.83943e-07	
288	2.205000e-08	-4.27515e-04	-1.26918e-06	-5.82344e-07	
289	2.205400e-08	-1.39161e-04	-2.35606e-05	-6.91839e-06	
290	2.206200e-08	-5.83338e-05	-3.59054e-06	-4.20904e-06	
291	2.207800e-08	-4.79884e-05	3.341270e-06	7.361195e-07	
292	2.211000e-08	-2.57278e-05	1.057397e-06	-7.71485e-07	
293	2.217395e-08	6.501691e-06	5.967817e-06	1.995822e-06	
294	2.228031e-08	-4.01497e-06	-4.92928e-06	-1.67469e-06	
295	2.239353e-08	2.547173e-06	4.333963e-06	1.514442e-06	
296	2.254629e-08	-1.79033e-06	-4.02409e-06	-1.43963e-06	
297	2.285180e-08	1.484421e-06	3.894551e-06	1.410457e-06	
298	2.300000e-08	-9.66724e-07	-3.66483e-06	-1.36099e-06	
299	2.300500e-08	1.966157e-05	-1.32828e-04	6.984314e-07	
300	2.301500e-08	3.871746e-06	-1.66301e-04	1.100870e-06	
301	2.303500e-08	-5.33231e-06	-2.01357e-04	-2.52837e-07	
302	2.305000e-08	-3.67006e-06	-2.16022e-04	-1.17240e-07	
303	2.305400e-08	-3.67393e-05	-7.08032e-05	-1.18510e-06	
304	2.306200e-08	-1.70735e-05	-3.76237e-05	-1.93369e-06	
305	2.307800e-08	4.036003e-06	-2.56360e-05	-4.53637e-07	
306	2.311000e-08	-9.32539e-07	-1.31906e-05	1.382725e-07	
307	2.317400e-08	8.192468e-06	5.210759e-06	3.425759e-07	
308	2.327749e-08	-7.13510e-06	-3.54376e-06	-1.66037e-07	
309	2.338842e-08	6.489271e-06	2.526328e-06	8.348549e-08	
310	2.354145e-08	-6.12347e-06	-1.99031e-06	-4.76422e-08	
311	2.384751e-08	5.961179e-06	1.766466e-06	3.422317e-08	
312	2.400000e-08	-5.66559e-06	-1.38554e-06	-1.30224e-08	
313	2.400500e-08	3.535608e-06	-9.58460e-08	-2.67611e-04	
314	2.401500e-08	1.652537e-06	6.109354e-07	-3.45137e-04	
315	2.403500e-08	-2.85775e-07	2.944327e-07	-4.22570e-04	
316	2.405000e-08	-3.29858e-06	-7.52642e-07	-4.26913e-04	
317	2.405400e-08	-9.41129e-06	-1.79782e-06	-1.40767e-04	
318	2.406200e-08	-5.93512e-06	-2.46519e-06	-6.03562e-05	
319	2.407800e-08	8.178707e-07	-7.36200e-07	-4.87164e-05	
320	2.411000e-08	-5.05318e-07	1.505197e-07	-2.98085e-05	
321	2.417355e-08	2.679447e-06	5.791020e-07	6.838682e-06	
322	2.427990e-08	-1.97682e-06	-1.74485e-07	-4.52697e-06	
323	2.439464e-08	1.631104e-06	2.080737e-08	3.081231e-06	
324	2.455277e-08	-1.46701e-06	3.314066e-08	-2.30777e-06	
325	2.486904e-08	1.400976e-06	-5.05843e-08	1.983557e-06	
326	2.500000e-08	-1.26912e-06	7.843258e-08	-1.33024e-06	
327	2.500500e-08	1.164604e-06	2.432741e-07	1.892821e-05	
328	2.501500e-08	1.685260e-06	4.919341e-07	3.268485e-06	
329	2.503500e-08	2.446881e-07	3.366666e-07	-6.42071e-07	
330	2.505000e-08	-9.46667e-07	-1.32235e-07	-1.18293e-05	
331	2.505400e-08	-3.63025e-06	-6.03146e-07	-3.75960e-05	
332	2.506200e-08	-4.62298e-06	-1.28335e-06	-1.58460e-05	
333	2.507800e-08	-4.19187e-07	-8.13213e-07	6.252890e-06	
334	2.511000e-08	-1.17378e-07	7.889738e-08	-2.95097e-06	
335	2.517400e-08	1.380815e-06	3.130098e-07	9.248382e-06	
336	2.528123e-08	-8.78488e-07	-4.23266e-08	-8.32433e-06	
337	2.539689e-08	6.411343e-07	-5.11884e-08	7.713601e-06	
338	2.555636e-08	-5.34483e-07	7.887011e-08	-7.35745e-06	
339	2.587531e-08	4.933340e-07	-8.62188e-08	7.198740e-06	
340	2.600000e-08	-4.10781e-07	9.496584e-08	-6.83665e-06	
341	2.600500e-08	2.287587e-07	9.424622e-08	3.606624e-06	
342	2.601500e-08	4.716995e-07	1.218995e-07	1.763060e-06	
343	2.603500e-08	1.412298e-07	1.187606e-07	3.829522e-07	
344	2.605000e-08	-2.37420e-07	-2.13314e-08	-3.66040e-06	

Index   time            v4#branch       v5#branch       v6#branch       
--------------------------------------------------------------------------------
345	2.605400e-08	-8.20000e-07	-1.28142e-07	-9.51178e-06	
346	2.606200e-08	-1.20177e-06	-3.13038e-07	-6.25844e-06	
347	2.607800e-08	-3.49729e-07	-2.59317e-07	9.090118e-07	
348	2.611000e-08	-3.19557e-08	-2.12162e-08	-6.42964e-07	
349	2.617291e-08	3.333547e-07	9.497237e-08	2.676794e-06	
350	2.627882e-08	-1.23136e-07	5.652989e-09	-2.00071e-06	
351	2.639276e-08	5.240721e-08	-2.77334e-08	1.655977e-06	
352	2.655163e-08	-3.02720e-08	2.982817e-08	-1.49266e-06	
353	2.686937e-08	2.342824e-08	-2.92947e-08	1.426830e-06	
354	2.700000e-08	-1.25680e-08	2.656283e-08	-1.29477e-06	
355	2.700500e-08	1.135528e-07	3.462586e-08	1.204359e-06	
356	2.701500e-08	2.569594e-07	6.332715e-08	1.757060e-06	
357	2.703500e-08	1.891134e-07	8.798858e-08	4.791615e-07	
358	2.705000e-08	-3.36405e-08	2.796890e-08	-1.11206e-06	
359	2.705400e-08	-2.77308e-07	-2.03483e-08	-3.78091e-06	
360	2.706200e-08	-6.29229e-07	-1.31596e-07	-4.82848e-06	
361	2.707800e-08	-3.91619e-07	-1.81755e-07	-3.71813e-07	
362	2.711000e-08	-5.93799e-09	-3.78379e-08	-1.52814e-07	
363	2.717400e-08	1.686119e-07	6.332034e-08	1.403570e-06	
364	2.727985e-08	-2.40275e-08	5.777828e-09	-9.12451e-07	
365	2.739452e-08	-1.99933e-08	-1.94547e-08	6.754335e-07	
366	2.755457e-08	3.149536e-08	1.998931e-08	-5.69461e-07	
367	2.787467e-08	-3.43449e-08	-1.92473e-08	5.285776e-07	
368	2.800000e-08	3.756173e-08	1.653148e-08	-4.47049e-07	
369	2.800500e-08	3.940192e-08	1.439905e-08	2.304096e-07	
370	2.801500e-08	6.513909e-08	1.839680e-08	4.881286e-07	
371	2.803500e-08	6.490799e-08	2.615514e-08	2.052806e-07	
372	2.805000e-08	4.914893e-09	1.310759e-08	-1.98922e-07	
373	2.805400e-08	-4.79587e-08	1.854688e-09	-7.94562e-07	
374	2.806200e-08	-1.44226e-07	-2.60280e-08	-1.23349e-06	
375	2.807800e-08	-1.38564e-07	-5.22396e-08	-4.82192e-07	
376	2.811000e-08	-2.72526e-08	-2.29878e-08	-8.74406e-09	
377	2.817400e-08	5.355357e-08	1.903303e-08	3.332122e-07	
378	2.827887e-08	3.482574e-09	5.955004e-09	-1.09830e-07	
379	2.839280e-08	-1.35810e-08	-7.61301e-09	3.642429e-08	
380	2.855132e-08	1.372833e-08	6.176219e-09	-1.48062e-08	
381	2.886835e-08	-1.31290e-08	-5.37833e-09	8.663082e-09	
382	2.946835e-08	1.274481e-08	4.977631e-09	-6.20238e-09	
383	3.000000e-08	-1.22844e-08	-4.55048e-09	3.924209e-09	

                   *  home ameya esim-workspace 10bb 10bb.cir
                   Transient Analysis  Wed Jul 29 12:15:05  2020
--------------------------------------------------------------------------------
Index   time            v7#branch       v8#branch       v9#branch       
--------------------------------------------------------------------------------
0	0.000000e+00	0.000000e+00	0.000000e+00	0.000000e+00	
1	5.000000e-13	6.616639e-09	1.127828e-09	8.987113e-11	
2	1.000000e-12	1.727624e-08	4.166044e-09	3.489740e-10	
3	2.000000e-12	4.263834e-08	1.379191e-08	1.345878e-09	
4	4.000000e-12	9.701197e-08	4.276953e-08	5.196330e-09	
5	8.000000e-12	1.534060e-07	7.869462e-08	1.468954e-08	
6	1.600000e-11	1.397232e-07	8.142224e-08	2.316297e-08	
7	3.200000e-11	3.326946e-08	3.302351e-08	1.535157e-08	
8	5.000000e-11	-5.70116e-08	-2.64818e-08	-2.37979e-09	
9	5.320000e-11	-1.25646e-07	-5.79692e-08	-9.39414e-09	
10	5.960000e-11	-2.15255e-07	-1.12465e-07	-2.35001e-08	
11	7.240000e-11	-1.31388e-07	-8.94164e-08	-3.11939e-08	
12	9.800000e-11	-3.10985e-08	-2.57705e-08	-1.21683e-08	
13	1.492000e-10	1.869577e-08	8.546660e-09	1.973712e-09	
14	2.411450e-10	4.052102e-08	2.802587e-08	9.382465e-09	
15	3.268049e-10	-3.49124e-08	-2.11319e-08	-5.55805e-09	
16	4.678613e-10	3.089239e-08	1.765051e-08	3.993568e-09	
17	6.074771e-10	-2.21542e-08	-1.17702e-08	-1.94533e-09	
18	8.867088e-10	1.938497e-08	1.006654e-08	1.428800e-09	
19	1.000000e-09	-1.38768e-08	-6.92291e-09	-6.03543e-10	
20	1.005000e-09	1.373147e-09	1.056013e-09	5.299451e-10	
21	1.015000e-09	2.046623e-08	1.079448e-08	2.434261e-09	
22	1.035000e-09	2.325696e-08	1.445654e-08	4.492715e-09	
23	1.050000e-09	5.001512e-09	5.530171e-09	2.771127e-09	
24	1.054000e-09	-7.24008e-09	-1.04809e-09	1.322789e-09	
25	1.062000e-09	-2.56316e-08	-1.22654e-08	-1.81912e-09	
26	1.078000e-09	-2.94527e-08	-1.72889e-08	-5.00239e-09	
27	1.110000e-09	-2.01913e-08	-1.39654e-08	-4.95550e-09	
28	1.174000e-09	5.178371e-09	2.441525e-09	2.525223e-10	
29	1.244833e-09	1.676474e-08	1.039470e-08	3.367620e-09	
30	1.378979e-09	-1.17299e-08	-6.29121e-09	-1.60355e-09	
31	1.499715e-09	8.148630e-09	3.647011e-09	5.746929e-10	
32	1.741186e-09	-6.90914e-09	-2.81493e-09	-2.87878e-10	
33	2.000000e-09	5.979807e-09	2.225414e-09	1.020400e-10	
34	2.005000e-09	8.835581e-07	4.201860e-07	7.716718e-08	
35	2.015000e-09	8.491278e-07	5.335891e-07	1.489539e-07	
36	2.035000e-09	-1.74691e-07	-3.32205e-08	4.504044e-08	
37	2.050000e-09	-1.49129e-07	-6.23792e-08	-1.59294e-08	
38	2.054000e-09	-1.26419e-06	-5.88288e-07	-1.05324e-07	
39	2.062000e-09	-1.56416e-06	-9.12870e-07	-2.24110e-07	
40	2.078000e-09	-1.94096e-07	-2.29822e-07	-1.49254e-07	
41	2.110000e-09	-4.65488e-08	-3.88119e-08	1.430006e-09	
42	2.173950e-09	4.083655e-07	2.427628e-07	5.281370e-08	
43	2.280306e-09	-2.58513e-07	-1.31262e-07	-9.19565e-09	
44	2.393535e-09	1.879243e-07	8.525048e-08	-5.88418e-09	
45	2.546289e-09	-1.57050e-07	-6.78491e-08	1.011636e-08	
46	2.851799e-09	1.455708e-07	6.199660e-08	-1.11374e-08	
47	3.000000e-09	-1.26898e-07	-5.32199e-08	1.210354e-08	
48	3.005000e-09	1.054431e-07	5.420159e-08	1.628998e-08	
49	3.015000e-09	3.038028e-07	1.688063e-07	3.715760e-08	
50	3.035000e-09	4.967842e-08	5.444563e-08	3.270639e-08	
51	3.050000e-09	-5.52708e-08	-1.63995e-08	1.053425e-09	
52	3.054000e-09	-2.20945e-07	-9.98708e-08	-1.46017e-08	
53	3.062000e-09	-4.74006e-07	-2.44229e-07	-5.11517e-08	
54	3.078000e-09	-3.07497e-07	-2.12256e-07	-7.36437e-08	

Index   time            v7#branch       v8#branch       v9#branch       
--------------------------------------------------------------------------------
55	3.110000e-09	6.061694e-08	1.803152e-08	-7.89937e-09	
56	3.174000e-09	8.335502e-08	5.577288e-08	2.299676e-08	
57	3.277485e-09	-1.22146e-08	-2.58561e-09	-1.78706e-09	
58	3.388421e-09	-1.55035e-08	-1.55935e-08	-4.43835e-09	
59	3.541449e-09	2.471800e-08	2.062036e-08	5.676313e-09	
60	3.847507e-09	-2.74223e-08	-2.18279e-08	-5.81882e-09	
61	4.000000e-09	3.061962e-08	2.286930e-08	5.664372e-09	
62	4.005000e-09	1.578180e-05	4.798945e-06	8.833543e-07	
63	4.015000e-09	-1.81279e-06	1.488740e-06	8.545475e-07	
64	4.035000e-09	1.391424e-06	-5.05339e-07	-8.44560e-08	
65	4.050000e-09	-8.03338e-06	-1.84238e-06	-3.71128e-07	
66	4.054000e-09	-2.51779e-05	-7.67034e-06	-1.46850e-06	
67	4.062000e-09	-4.05558e-06	-4.61008e-06	-1.72932e-06	
68	4.078000e-09	2.822595e-06	7.706672e-07	-2.27639e-07	
69	4.110000e-09	-9.50980e-07	-3.33229e-07	7.398080e-08	
70	4.173555e-09	5.283154e-06	1.744672e-06	3.727992e-07	
71	4.279898e-09	-4.46815e-06	-1.42555e-06	-2.25740e-07	
72	4.394646e-09	3.966136e-06	1.257998e-06	1.550151e-07	
73	4.552779e-09	-3.69078e-06	-1.17763e-06	-1.24151e-07	
74	4.869043e-09	3.571319e-06	1.145553e-06	1.126070e-07	
75	5.000000e-09	-3.31801e-06	-1.08212e-06	-9.11807e-08	
76	5.005000e-09	-1.33839e-04	7.794961e-07	1.282515e-07	
77	5.015000e-09	-1.67269e-04	1.170817e-06	3.261332e-07	
78	5.035000e-09	-2.14417e-04	-1.87012e-07	7.159035e-08	
79	5.050000e-09	-2.10997e-04	-3.98547e-07	-1.05329e-07	
80	5.054000e-09	-6.84639e-05	-1.60168e-06	-3.10579e-07	
81	5.062000e-09	-3.64313e-05	-2.26759e-06	-5.82037e-07	
82	5.078000e-09	-2.46179e-05	-2.17503e-07	-2.91178e-07	
83	5.110000e-09	-1.53774e-05	4.008841e-08	7.154812e-08	
84	5.174000e-09	4.851756e-06	4.888659e-07	9.385757e-08	
85	5.281225e-09	-3.58170e-06	-2.94432e-07	-1.76960e-08	
86	5.396888e-09	2.757999e-06	1.942519e-07	-1.46132e-08	
87	5.556361e-09	-2.30461e-06	-1.47601e-07	2.626651e-08	
88	5.875307e-09	2.111252e-06	1.295054e-07	-2.98964e-08	
89	6.000000e-09	-1.69442e-06	-9.32755e-08	3.535346e-08	
90	6.005000e-09	2.929729e-08	-2.67652e-04	1.577651e-05	
91	6.015000e-09	8.593650e-07	-3.45535e-04	-1.73303e-06	
92	6.035000e-09	3.456961e-07	-4.26040e-04	5.308822e-07	
93	6.050000e-09	-7.95079e-07	-4.26293e-04	-8.82219e-06	
94	6.054000e-09	-2.02086e-06	-1.40630e-04	-2.52785e-05	
95	6.062000e-09	-2.74597e-06	-6.18741e-05	-4.66851e-06	
96	6.078000e-09	-6.24671e-07	-4.72482e-05	3.417331e-06	
97	6.110000e-09	1.740216e-07	-3.20378e-05	-1.92937e-06	
98	6.172930e-09	5.682115e-07	8.151785e-06	5.728247e-06	
99	6.278867e-09	-2.05652e-07	-6.00104e-06	-4.94382e-06	
100	6.392845e-09	5.115324e-08	4.663153e-06	4.459975e-06	
101	6.551718e-09	8.005423e-09	-3.95931e-06	-4.19755e-06	
102	6.869465e-09	-2.83972e-08	3.664825e-06	4.083648e-06	
103	7.000000e-09	6.305276e-08	-3.06804e-06	-3.83998e-06	
104	7.005000e-09	2.690009e-07	1.900045e-05	-1.33971e-04	
105	7.015000e-09	5.608878e-07	3.478915e-06	-1.68015e-04	
106	7.035000e-09	3.916296e-07	-5.04787e-08	-2.16938e-04	
107	7.050000e-09	-1.80796e-07	-1.35522e-05	-2.09663e-04	
108	7.054000e-09	-7.33196e-07	-3.75709e-05	-6.78339e-05	
109	7.062000e-09	-1.48115e-06	-1.60592e-05	-3.66295e-05	
110	7.078000e-09	-8.22020e-07	6.881179e-06	-2.41877e-05	
111	7.110000e-09	1.509727e-07	-3.56010e-06	-1.58846e-05	
112	7.174000e-09	2.905437e-07	9.778489e-06	4.881582e-06	

Index   time            v7#branch       v8#branch       v9#branch       
--------------------------------------------------------------------------------
113	7.279863e-09	-4.03347e-08	-8.84139e-06	-3.67250e-06	
114	7.394536e-09	-5.55360e-08	8.221471e-06	2.895370e-06	
115	7.554589e-09	8.702641e-08	-7.86328e-06	-2.47322e-06	
116	7.874695e-09	-9.63006e-08	7.703394e-06	2.293012e-06	
117	8.000000e-09	1.091377e-07	-7.33871e-06	-1.90441e-06	
118	8.005000e-09	1.029067e-07	3.826923e-06	1.244923e-07	
119	8.015000e-09	1.427504e-07	2.048293e-06	1.007755e-06	
120	8.035000e-09	1.386890e-07	5.324190e-07	3.832800e-07	
121	8.050000e-09	-2.96616e-08	-3.82038e-06	-7.98991e-07	
122	8.054000e-09	-1.55811e-07	-9.97044e-06	-2.13103e-06	
123	8.062000e-09	-3.68742e-07	-6.97871e-06	-2.96871e-06	
124	8.078000e-09	-3.02166e-07	8.226048e-07	-7.29721e-07	
125	8.110000e-09	-3.66224e-09	-5.70871e-07	2.201854e-07	
126	8.171569e-09	1.019847e-07	2.747860e-06	5.795210e-07	
127	8.278410e-09	3.804372e-09	-2.02121e-06	-1.96167e-07	
128	8.391944e-09	-3.08434e-08	1.655953e-06	3.525782e-08	
129	8.551075e-09	3.461078e-08	-1.48955e-06	2.358678e-08	
130	8.869337e-09	-3.45306e-08	1.423755e-06	-4.33219e-08	
131	9.000000e-09	3.227755e-08	-1.29374e-06	7.595429e-08	
132	9.005000e-09	3.945700e-08	1.273276e-06	2.904974e-07	
133	9.015000e-09	7.345248e-08	1.871899e-06	6.000588e-07	
134	9.035000e-09	9.911500e-08	5.354245e-07	4.211341e-07	
135	9.050000e-09	2.612907e-08	-1.16285e-06	-1.91077e-07	
136	9.054000e-09	-2.96251e-08	-3.88494e-06	-7.66073e-07	
137	9.062000e-09	-1.57053e-07	-5.03651e-06	-1.55157e-06	
138	9.078000e-09	-2.03967e-07	-4.47814e-07	-8.65769e-07	
139	9.110000e-09	-3.26305e-08	-1.42271e-07	1.600647e-07	
140	9.174000e-09	7.122178e-08	1.438465e-06	2.992190e-07	
141	9.279674e-09	8.058912e-10	-9.28749e-07	-4.09454e-08	
142	9.394199e-09	-1.79330e-08	6.833407e-07	-5.82679e-08	
143	9.554535e-09	1.989527e-08	-5.74652e-07	9.080549e-08	
144	9.875207e-09	-1.95853e-08	5.329354e-07	-1.00402e-07	
145	1.005000e-08	1.812226e-08	-4.70868e-07	1.110982e-07	
146	1.005500e-08	-1.18368e-07	-1.80812e-07	1.535185e-08	
147	1.006500e-08	-2.84341e-08	-6.30058e-08	-5.38884e-08	
148	1.008500e-08	1.269012e-06	2.898804e-07	1.530702e-07	
149	1.010000e-08	5.810180e-07	2.217407e-07	1.535350e-07	
150	1.010313e-08	1.960335e-07	1.460059e-07	1.196731e-07	
151	1.010940e-08	-2.50472e-07	2.467986e-08	4.761739e-08	
152	1.012194e-08	-4.81913e-07	-8.46205e-08	-4.09028e-08	
153	1.014702e-08	-3.30513e-07	-1.16491e-07	-7.37390e-08	
154	1.019718e-08	-3.96335e-08	-2.42919e-08	-1.98801e-08	
155	1.028555e-08	4.932975e-09	-4.66960e-10	2.350781e-09	
156	1.040501e-08	1.023363e-09	5.086055e-09	9.599148e-10	
157	1.064393e-08	-2.07457e-09	-6.06884e-09	-1.67512e-09	
158	1.105000e-08	2.399725e-09	6.447638e-09	1.954000e-09	
159	1.105500e-08	-3.89807e-08	-8.74691e-09	-3.90878e-09	
160	1.106500e-08	-5.48782e-08	-1.50398e-08	-8.61971e-09	
161	1.108500e-08	4.824752e-07	1.062845e-07	5.009197e-08	
162	1.110000e-08	4.110941e-07	1.265631e-07	8.127592e-08	
163	1.110400e-08	2.049743e-07	8.782885e-08	6.465376e-08	
164	1.111200e-08	-9.38869e-08	1.870126e-08	2.627842e-08	
165	1.112800e-08	-2.50915e-07	-5.02668e-08	-2.61662e-08	
166	1.116000e-08	-1.14000e-07	-4.84799e-08	-3.27243e-08	
167	1.121948e-08	4.714542e-09	-9.09088e-10	-1.36025e-09	
168	1.133825e-08	1.356073e-09	5.285061e-10	9.276681e-10	
169	1.157579e-08	-3.04239e-09	-2.43015e-10	-6.65496e-10	
170	1.205000e-08	3.711103e-09	1.110762e-10	5.456829e-10	

Index   time            v7#branch       v8#branch       v9#branch       
--------------------------------------------------------------------------------
171	1.205500e-08	-1.95597e-06	-3.92817e-07	-1.64492e-07	
172	1.206500e-08	9.766495e-08	-1.28524e-07	-1.48271e-07	
173	1.208500e-08	8.975800e-06	2.122800e-06	1.061750e-06	
174	1.210000e-08	-4.10097e-06	-2.50815e-07	3.192492e-07	
175	1.210400e-08	-3.66355e-06	-4.27609e-07	-2.46895e-08	
176	1.211200e-08	-2.14072e-06	-4.70928e-07	-3.03838e-07	
177	1.212800e-08	-1.81952e-06	-4.96612e-07	-2.72120e-07	
178	1.216000e-08	-1.78770e-07	-2.12679e-07	-1.89145e-07	
179	1.222400e-08	-5.16680e-08	4.248158e-08	6.063524e-08	
180	1.235200e-08	6.153102e-08	-3.37603e-08	-5.12345e-08	
181	1.260800e-08	-6.09149e-08	3.254245e-08	4.884763e-08	
182	1.305000e-08	5.966977e-08	-3.23107e-08	-4.78234e-08	
183	1.305500e-08	-7.18402e-07	-1.44483e-07	-7.21112e-08	
184	1.306500e-08	-4.47541e-07	-1.51209e-07	-9.48541e-08	
185	1.308500e-08	4.162811e-06	9.316856e-07	4.395263e-07	
186	1.310000e-08	-1.19544e-07	2.802091e-07	3.296202e-07	
187	1.310400e-08	-1.15943e-06	4.047826e-10	1.319659e-07	
188	1.311200e-08	-1.49053e-06	-2.35099e-07	-1.05710e-07	
189	1.312800e-08	-8.52258e-07	-2.73908e-07	-1.71626e-07	
190	1.316000e-08	-4.03312e-07	-1.45284e-07	-9.90397e-08	
191	1.322400e-08	2.613994e-07	3.894073e-08	1.963509e-08	
192	1.335200e-08	-2.43891e-07	-2.93549e-08	-1.17099e-08	
193	1.360800e-08	2.383212e-07	2.669707e-08	9.368285e-09	
194	1.405000e-08	-2.35661e-07	-2.55153e-08	-8.29121e-09	
195	1.405500e-08	-1.78606e-05	-4.80458e-06	-2.02417e-06	
196	1.406500e-08	1.839588e-05	3.455069e-06	3.069480e-07	
197	1.408500e-08	2.366853e-05	1.291234e-05	7.601307e-06	
198	1.410000e-08	-4.88252e-05	-1.27394e-05	-3.54543e-06	
199	1.410400e-08	-8.02339e-06	-4.42614e-06	-2.91456e-06	
200	1.411200e-08	-7.48293e-06	-2.63152e-06	-1.75870e-06	
201	1.412800e-08	-3.31755e-06	-2.83469e-06	-1.67921e-06	
202	1.416000e-08	8.528894e-07	5.066762e-07	-5.55975e-08	
203	1.422400e-08	-9.25138e-07	-7.51598e-07	-1.20016e-07	
204	1.435200e-08	8.966180e-07	7.547288e-07	1.230525e-07	
205	1.460800e-08	-8.78955e-07	-7.49880e-07	-1.20151e-07	
206	1.505000e-08	8.682250e-07	7.460357e-07	1.177834e-07	
207	1.505500e-08	1.669926e-04	-1.79022e-06	-7.41278e-07	
208	1.506500e-08	2.489000e-04	2.279598e-07	-3.46668e-07	
209	1.508500e-08	2.742649e-04	7.153610e-06	3.774813e-06	
210	1.510000e-08	1.383284e-04	-3.39039e-06	-1.57692e-07	
211	1.510400e-08	1.551553e-05	-2.66150e-06	-1.01291e-06	
212	1.511200e-08	-3.09857e-06	-1.66942e-06	-1.28668e-06	
213	1.512800e-08	-2.20809e-07	-1.65531e-06	-8.32540e-07	
214	1.516000e-08	-7.03402e-07	8.888066e-10	-3.23488e-07	
215	1.522400e-08	6.501065e-07	-1.23362e-07	2.032225e-07	
216	1.535200e-08	-6.38417e-07	1.223545e-07	-1.89842e-07	
217	1.560800e-08	6.328320e-07	-1.18620e-07	1.858862e-07	
218	1.605000e-08	-6.29545e-07	1.159985e-07	-1.84033e-07	
219	1.605500e-08	-1.97118e-06	3.326467e-04	-1.78150e-05	
220	1.606500e-08	8.790467e-07	5.014558e-04	2.047483e-05	
221	1.608500e-08	5.338837e-06	5.501091e-04	2.415370e-05	
222	1.610000e-08	-4.25914e-06	2.765723e-04	-4.66444e-05	
223	1.610400e-08	-2.26928e-06	3.714376e-05	-7.89242e-06	
224	1.611200e-08	-8.73051e-07	-1.06130e-05	-7.34130e-06	
225	1.612800e-08	-1.26438e-06	3.543142e-06	-3.22172e-06	
226	1.616000e-08	3.302587e-07	-5.38348e-06	8.404755e-07	
227	1.622400e-08	-3.79718e-07	4.874956e-06	-9.13847e-07	
228	1.635200e-08	3.748319e-07	-4.71128e-06	8.871335e-07	

Index   time            v7#branch       v8#branch       v9#branch       
--------------------------------------------------------------------------------
229	1.660800e-08	-3.70510e-07	4.636734e-06	-8.70260e-07	
230	1.705000e-08	3.676810e-07	-4.59508e-06	8.599581e-07	
231	1.705500e-08	-4.02647e-07	-1.53238e-05	1.671113e-04	
232	1.706500e-08	-1.32812e-07	1.983835e-05	2.497507e-04	
233	1.708500e-08	1.601581e-06	1.551947e-05	2.762773e-04	
234	1.710000e-08	-2.98524e-07	-3.82787e-05	1.380657e-04	
235	1.710400e-08	-4.75595e-07	-4.26775e-06	1.537301e-05	
236	1.711200e-08	-4.49284e-07	-4.86066e-06	-3.01652e-06	
237	1.712800e-08	-3.50868e-07	-2.21744e-06	-2.36458e-07	
238	1.716000e-08	-6.08157e-08	9.000018e-07	-6.87584e-07	
239	1.722400e-08	2.906344e-08	-9.71197e-07	6.326715e-07	
240	1.735200e-08	-2.54813e-08	9.726754e-07	-6.20652e-07	
241	1.760800e-08	2.455009e-08	-9.71096e-07	6.150656e-07	
242	1.805000e-08	-2.41758e-08	9.697213e-07	-6.11849e-07	
243	1.805500e-08	-1.75742e-07	-4.61473e-06	-2.05586e-06	
244	1.806500e-08	-9.45344e-08	4.029268e-06	8.530724e-07	
245	1.808500e-08	7.690174e-07	9.352705e-06	5.725324e-06	
246	1.810000e-08	3.162482e-08	-1.15970e-05	-4.36064e-06	
247	1.810400e-08	-1.21763e-07	-3.10491e-06	-2.43175e-06	
248	1.811200e-08	-1.92750e-07	-1.90453e-06	-9.61991e-07	
249	1.812800e-08	-1.87693e-07	-2.05142e-06	-1.38283e-06	
250	1.816000e-08	-9.58816e-08	5.607245e-07	3.481630e-07	
251	1.822400e-08	4.854149e-08	-6.64657e-07	-3.94038e-07	
252	1.835200e-08	-4.18382e-08	6.734110e-07	3.909180e-07	
253	1.860800e-08	3.991072e-08	-6.74041e-07	-3.87266e-07	
254	1.912000e-08	-3.91790e-08	6.737411e-07	3.851153e-07	
255	1.972000e-08	3.865009e-08	-6.73230e-07	-3.83153e-07	
256	2.000000e-08	-3.77587e-08	6.714849e-07	3.786359e-07	
257	2.000500e-08	7.990890e-08	9.337499e-08	6.928194e-08	
258	2.001500e-08	1.587106e-07	3.494738e-08	-1.41785e-08	
259	2.003500e-08	1.195190e-08	6.300079e-08	3.536551e-08	
260	2.005000e-08	-5.62317e-08	-6.17074e-08	-1.56155e-08	
261	2.005400e-08	-1.33608e-07	-6.81300e-08	-1.68567e-08	
262	2.006200e-08	-2.13538e-07	-1.12397e-07	-2.35382e-08	
263	2.007800e-08	-9.02957e-08	-7.20585e-08	-3.02221e-08	
264	2.011000e-08	-2.00192e-08	-1.16150e-08	-4.12857e-09	
265	2.017400e-08	4.075496e-08	1.832174e-08	3.340461e-09	
266	2.026645e-08	1.299307e-08	1.644858e-08	8.154168e-09	
267	2.038311e-08	-2.10313e-08	-1.94547e-08	-8.07436e-09	
268	2.050970e-08	2.574501e-08	2.077418e-08	7.655424e-09	
269	2.076287e-08	-2.41665e-08	-1.90839e-08	-6.75968e-09	
270	2.100000e-08	2.296279e-08	1.776978e-08	6.052924e-09	
271	2.100500e-08	1.647606e-08	1.030711e-08	3.390699e-09	
272	2.101500e-08	2.179711e-08	1.216590e-08	3.144051e-09	
273	2.103500e-08	2.592448e-08	1.646890e-08	5.224469e-09	
274	2.105000e-08	2.939569e-09	4.320285e-09	2.689213e-09	
275	2.105400e-08	-7.83199e-09	-1.17502e-09	1.315275e-09	
276	2.106200e-08	-2.53995e-08	-1.21067e-08	-1.75067e-09	
277	2.107800e-08	-2.98757e-08	-1.73984e-08	-4.99060e-09	
278	2.111000e-08	-1.98684e-08	-1.38134e-08	-4.92567e-09	
279	2.117400e-08	4.854281e-09	2.284631e-09	2.238274e-10	
280	2.124483e-08	1.708045e-08	1.049455e-08	3.362557e-09	
281	2.137897e-08	-1.20402e-08	-6.38079e-09	-1.59411e-09	
282	2.149971e-08	8.456099e-09	3.746759e-09	5.726669e-10	
283	2.174121e-08	-7.21541e-09	-2.92061e-09	-2.89756e-10	
284	2.200000e-08	6.284983e-09	2.335554e-09	1.067700e-10	
285	2.200500e-08	8.835756e-07	4.199369e-07	7.706045e-08	
286	2.201500e-08	8.490538e-07	5.326770e-07	1.485204e-07	

Index   time            v7#branch       v8#branch       v9#branch       
--------------------------------------------------------------------------------
287	2.203500e-08	-1.74763e-07	-3.39144e-08	4.456263e-08	
288	2.205000e-08	-1.49172e-07	-6.18896e-08	-1.57530e-08	
289	2.205400e-08	-1.26418e-06	-5.87400e-07	-1.04911e-07	
290	2.206200e-08	-1.56408e-06	-9.11261e-07	-2.23312e-07	
291	2.207800e-08	-1.93902e-07	-2.27755e-07	-1.48032e-07	
292	2.211000e-08	-4.64878e-08	-3.94977e-08	1.184807e-09	
293	2.217395e-08	4.082028e-07	2.419172e-07	5.221041e-08	
294	2.228031e-08	-2.58415e-07	-1.30502e-07	-8.69450e-09	
295	2.239353e-08	1.878965e-07	8.488888e-08	-6.12077e-09	
296	2.254629e-08	-1.57048e-07	-6.76871e-08	1.022414e-08	
297	2.285180e-08	1.455745e-07	6.189712e-08	-1.12049e-08	
298	2.300000e-08	-1.26906e-07	-5.31937e-08	1.212338e-08	
299	2.300500e-08	1.054298e-07	5.411198e-08	1.626677e-08	
300	2.301500e-08	3.037858e-07	1.686197e-07	3.705711e-08	
301	2.303500e-08	4.965388e-08	5.421313e-08	3.257361e-08	
302	2.305000e-08	-5.52858e-08	-1.63816e-08	1.031741e-09	
303	2.305400e-08	-2.20952e-07	-9.97208e-08	-1.45526e-08	
304	2.306200e-08	-4.73989e-07	-2.43806e-07	-5.09437e-08	
305	2.307800e-08	-3.07440e-07	-2.11560e-07	-7.32580e-08	
306	2.311000e-08	6.066086e-08	1.810988e-08	-7.80000e-09	
307	2.317400e-08	8.329232e-08	5.522230e-08	2.265474e-08	
308	2.327749e-08	-1.21884e-08	-2.18284e-09	-1.55468e-09	
309	2.338842e-08	-1.54996e-08	-1.57723e-08	-4.52895e-09	
310	2.354145e-08	2.470588e-08	2.070294e-08	5.708327e-09	
311	2.384751e-08	-2.74092e-08	-2.18823e-08	-5.83419e-09	
312	2.400000e-08	3.060734e-08	2.289301e-08	5.662447e-09	
313	2.400500e-08	1.578168e-05	4.795987e-06	8.821147e-07	
314	2.401500e-08	-1.81322e-06	1.481392e-06	8.508388e-07	
315	2.403500e-08	1.391043e-06	-5.06428e-07	-8.60009e-08	
316	2.405000e-08	-8.03326e-06	-1.83566e-06	-3.67720e-07	
317	2.405400e-08	-2.51775e-05	-7.66144e-06	-1.46401e-06	
318	2.406200e-08	-4.05468e-06	-4.59545e-06	-1.72175e-06	
319	2.407800e-08	2.823802e-06	7.800438e-07	-2.21197e-07	
320	2.411000e-08	-9.51419e-07	-3.43514e-07	6.862680e-08	
321	2.417355e-08	5.282788e-06	1.744986e-06	3.721069e-07	
322	2.427990e-08	-4.46778e-06	-1.42383e-06	-2.24014e-07	
323	2.439464e-08	3.965933e-06	1.256965e-06	1.538307e-07	
324	2.455277e-08	-3.69065e-06	-1.17722e-06	-1.23398e-07	
325	2.486904e-08	3.571218e-06	1.145390e-06	1.120239e-07	
326	2.500000e-08	-3.31795e-06	-1.08237e-06	-9.08783e-08	
327	2.500500e-08	-1.33839e-04	7.787048e-07	1.280080e-07	
328	2.501500e-08	-1.67269e-04	1.169309e-06	3.253464e-07	
329	2.503500e-08	-2.14417e-04	-1.88233e-07	7.081314e-08	
330	2.505000e-08	-2.10997e-04	-3.97017e-07	-1.04739e-07	
331	2.505400e-08	-6.84638e-05	-1.59917e-06	-3.09439e-07	
332	2.506200e-08	-3.64312e-05	-2.26350e-06	-5.79905e-07	
333	2.507800e-08	-2.46176e-05	-2.12820e-07	-2.88438e-07	
334	2.511000e-08	-1.53773e-05	3.738548e-08	7.045261e-08	
335	2.517400e-08	4.851427e-06	4.876880e-07	9.274105e-08	
336	2.528123e-08	-3.58148e-06	-2.92914e-07	-1.64954e-08	
337	2.539689e-08	2.757901e-06	1.933449e-07	-1.53765e-08	
338	2.555636e-08	-2.30456e-06	-1.47082e-07	2.676744e-08	
339	2.587531e-08	2.111215e-06	1.291296e-07	-3.03012e-08	
340	2.600000e-08	-1.69440e-06	-9.31299e-08	3.560149e-08	
341	2.600500e-08	2.873994e-08	-2.67687e-04	1.576203e-05	
342	2.601500e-08	8.574564e-07	-3.45589e-04	-1.76098e-06	
343	2.603500e-08	3.439873e-07	-4.26022e-04	5.426152e-07	
344	2.605000e-08	-7.94079e-07	-4.26228e-04	-8.80023e-06	

Index   time            v7#branch       v8#branch       v9#branch       
--------------------------------------------------------------------------------
345	2.605400e-08	-2.01854e-06	-1.40528e-04	-2.52404e-05	
346	2.606200e-08	-2.74103e-06	-6.17330e-05	-4.61689e-06	
347	2.607800e-08	-6.18846e-07	-4.72227e-05	3.429382e-06	
348	2.611000e-08	1.708920e-07	-3.21487e-05	-1.97098e-06	
349	2.617291e-08	5.665771e-07	8.195724e-06	5.747278e-06	
350	2.627882e-08	-2.03418e-07	-6.02579e-06	-4.95375e-06	
351	2.639276e-08	4.962787e-08	4.685234e-06	4.468451e-06	
352	2.655163e-08	9.059403e-09	-3.98208e-06	-4.20603e-06	
353	2.686937e-08	-2.92762e-08	3.688018e-06	4.092147e-06	
354	2.700000e-08	6.361953e-08	-3.09244e-06	-3.84855e-06	
355	2.700500e-08	2.691717e-07	1.899087e-05	-1.33975e-04	
356	2.701500e-08	5.604655e-07	3.467330e-06	-1.68018e-04	
357	2.703500e-08	3.910858e-07	-5.24631e-08	-2.16941e-04	
358	2.705000e-08	-1.80727e-07	-1.35367e-05	-2.09658e-04	
359	2.705400e-08	-7.32833e-07	-3.75506e-05	-6.78267e-05	
360	2.706200e-08	-1.48003e-06	-1.60255e-05	-3.66160e-05	
361	2.707800e-08	-8.20203e-07	6.897849e-06	-2.41752e-05	
362	2.711000e-08	1.507771e-07	-3.58441e-06	-1.58942e-05	
363	2.717400e-08	2.894605e-07	9.782369e-06	4.880367e-06	
364	2.727985e-08	-3.94403e-08	-8.83975e-06	-3.66980e-06	
365	2.739452e-08	-5.59866e-08	8.220329e-06	2.893489e-06	
366	2.755457e-08	8.726762e-08	-7.86304e-06	-2.47197e-06	
367	2.787467e-08	-9.64740e-08	7.703538e-06	2.291997e-06	
368	2.800000e-08	1.092095e-07	-7.33961e-06	-1.90386e-06	
369	2.800500e-08	9.892886e-08	3.559843e-06	7.341977e-08	
370	2.801500e-08	1.326436e-07	1.910446e-06	9.328019e-07	
371	2.803500e-08	1.384993e-07	7.945170e-07	4.383971e-07	
372	2.805000e-08	-1.79243e-08	-3.64090e-06	-7.13989e-07	
373	2.805400e-08	-1.39430e-07	-9.48995e-06	-2.00303e-06	
374	2.806200e-08	-3.48125e-07	-6.71879e-06	-2.83156e-06	
375	2.807800e-08	-3.00703e-07	2.124935e-07	-8.41178e-07	
376	2.811000e-08	-1.51230e-08	-2.00306e-07	2.222217e-07	
377	2.817400e-08	1.074676e-07	2.351930e-06	5.621353e-07	
378	2.827887e-08	-1.22750e-09	-1.65374e-06	-1.86549e-07	
379	2.839280e-08	-2.52962e-08	1.317629e-06	3.454211e-08	
380	2.855132e-08	2.930337e-08	-1.16563e-06	2.110362e-08	
381	2.886835e-08	-2.93644e-08	1.106380e-06	-3.95429e-08	
382	2.946835e-08	2.911497e-08	-1.07841e-06	4.752070e-08	
383	3.000000e-08	-2.86735e-08	1.049188e-06	-5.53279e-08	

                   *  home ameya esim-workspace 10bb 10bb.cir
                   Transient Analysis  Wed Jul 29 12:15:05  2020
--------------------------------------------------------------------------------
Index   time            v10#branch      v11#branch      
--------------------------------------------------------------------------------
0	0.000000e+00	0.000000e+00	0.000000e+00	
1	5.000000e-13	1.671323e-11	1.409487e-12	
2	1.000000e-12	7.785777e-11	6.916455e-12	
3	2.000000e-12	3.452225e-10	3.076523e-11	
4	4.000000e-12	2.062293e-09	2.283959e-10	
5	8.000000e-12	7.217897e-09	1.214396e-09	
6	1.600000e-11	1.337647e-08	3.332411e-09	
7	3.200000e-11	1.127790e-08	4.179167e-09	
8	5.000000e-11	8.289588e-10	1.391142e-09	
9	5.320000e-11	-3.05503e-09	4.336325e-10	
10	5.960000e-11	-1.17925e-08	-2.00559e-09	
11	7.240000e-11	-1.90717e-08	-5.43133e-09	
12	9.800000e-11	-1.07575e-08	-4.74783e-09	
13	1.492000e-10	1.250946e-09	2.958391e-10	
14	2.411450e-10	6.045730e-09	1.985275e-09	
15	3.268049e-10	-2.63763e-09	-4.59402e-10	
16	4.678613e-10	1.472924e-09	2.177126e-11	
17	6.074771e-10	-1.24532e-10	4.107006e-10	
18	8.867088e-10	-1.57176e-10	-4.72010e-10	
19	1.000000e-09	5.331337e-10	5.096908e-10	
20	1.005000e-09	5.990948e-10	3.203198e-10	
21	1.015000e-09	1.407081e-09	3.794489e-10	
22	1.035000e-09	2.861085e-09	8.699831e-10	
23	1.050000e-09	2.129843e-09	8.207593e-10	
24	1.054000e-09	1.350647e-09	6.495628e-10	
25	1.062000e-09	-4.69824e-10	1.876004e-10	
26	1.078000e-09	-2.91336e-09	-7.35129e-10	
27	1.110000e-09	-3.46272e-09	-1.23625e-09	
28	1.174000e-09	-1.82527e-10	-2.07103e-10	
29	1.244833e-09	2.329561e-09	7.879111e-10	
30	1.378979e-09	-9.32810e-10	-2.22892e-10	
31	1.499715e-09	2.049944e-10	-3.59801e-11	
32	1.741186e-09	-2.98315e-11	8.546756e-11	
33	2.000000e-09	-7.14724e-11	-1.07530e-10	
34	2.005000e-09	3.819058e-08	7.347753e-09	
35	2.015000e-09	8.711661e-08	2.203095e-08	
36	2.035000e-09	4.384074e-08	2.091089e-08	
37	2.050000e-09	-6.47861e-10	4.898161e-09	
38	2.054000e-09	-4.64642e-08	-4.96895e-09	
39	2.062000e-09	-1.21097e-07	-2.67507e-08	
40	2.078000e-09	-1.10986e-07	-4.00152e-08	
41	2.110000e-09	-9.37834e-09	-1.01315e-08	
42	2.173950e-09	3.532605e-08	1.374694e-08	
43	2.280306e-09	-1.35925e-09	-2.07981e-10	
44	2.393535e-09	-8.67207e-09	-3.08300e-09	
45	2.546289e-09	1.073950e-08	3.392294e-09	
46	2.851799e-09	-1.10162e-08	-3.28291e-09	
47	3.000000e-09	1.091205e-08	2.873755e-09	
48	3.005000e-09	9.857022e-09	3.124961e-09	
49	3.015000e-09	2.138854e-08	5.319222e-09	
50	3.035000e-09	2.343885e-08	8.378372e-09	
51	3.050000e-09	5.154582e-09	3.892969e-09	
52	3.054000e-09	-3.40704e-09	1.630051e-09	
53	3.062000e-09	-2.57921e-08	-4.51971e-09	
54	3.078000e-09	-4.60189e-08	-1.35686e-08	

Index   time            v10#branch      v11#branch      
--------------------------------------------------------------------------------
55	3.110000e-09	-1.29743e-08	-7.88885e-09	
56	3.174000e-09	1.746580e-08	6.635307e-09	
57	3.277485e-09	-1.30022e-09	-3.16004e-10	
58	3.388421e-09	-2.63564e-09	-8.92294e-10	
59	3.541449e-09	3.069059e-09	8.521358e-10	
60	3.847507e-09	-2.98150e-09	-7.37262e-10	
61	4.000000e-09	2.581568e-09	4.649399e-10	
62	4.005000e-09	4.392403e-07	8.567665e-08	
63	4.015000e-09	5.758101e-07	1.705688e-07	
64	4.035000e-09	3.035100e-08	6.919039e-08	
65	4.050000e-09	-1.72050e-07	-3.51824e-08	
66	4.054000e-09	-7.30761e-07	-1.43400e-07	
67	4.062000e-09	-1.08054e-06	-2.88501e-07	
68	4.078000e-09	-3.10145e-07	-1.99227e-07	
69	4.110000e-09	3.295195e-08	2.053292e-08	
70	4.173555e-09	2.484704e-07	6.485339e-08	
71	4.279898e-09	-1.25322e-07	-1.24767e-08	
72	4.394646e-09	7.360354e-08	-6.53298e-09	
73	4.552779e-09	-5.42669e-08	1.212694e-08	
74	4.869043e-09	4.780936e-08	-1.35655e-08	
75	5.000000e-09	-3.70916e-08	1.514399e-08	
76	5.005000e-09	7.085105e-08	2.088619e-08	
77	5.015000e-09	1.912894e-07	4.569021e-08	
78	5.035000e-09	7.894566e-08	4.377807e-08	
79	5.050000e-09	-4.02292e-08	-1.37745e-09	
80	5.054000e-09	-1.49440e-07	-2.50681e-08	
81	5.062000e-09	-3.24495e-07	-7.52614e-08	
82	5.078000e-09	-2.35517e-07	-9.42311e-08	
83	5.110000e-09	2.699276e-08	-4.60556e-09	
84	5.174000e-09	6.727025e-08	2.787442e-08	
85	5.281225e-09	-5.02420e-09	-1.81255e-09	
86	5.396888e-09	-1.80061e-08	-6.53042e-09	
87	5.556361e-09	2.488252e-08	8.383017e-09	
88	5.875307e-09	-2.66411e-08	-8.64978e-09	
89	6.000000e-09	2.851136e-08	8.424104e-09	
90	6.005000e-09	5.023536e-06	9.783622e-07	
91	6.015000e-09	1.760814e-06	1.012390e-06	
92	6.035000e-09	-5.14040e-07	-7.15274e-08	
93	6.050000e-09	-2.26110e-06	-4.96394e-07	
94	6.054000e-09	-8.23372e-06	-1.69913e-06	
95	6.062000e-09	-5.25240e-06	-2.05552e-06	
96	6.078000e-09	8.168264e-07	-3.14688e-07	
97	6.110000e-09	-3.59141e-07	1.253352e-07	
98	6.172930e-09	2.001284e-06	4.328695e-07	
99	6.278867e-09	-1.63036e-06	-2.54038e-07	
100	6.392845e-09	1.432768e-06	1.666528e-07	
101	6.551718e-09	-1.33854e-06	-1.28816e-07	
102	6.869465e-09	1.300784e-06	1.146644e-07	
103	7.000000e-09	-1.22547e-06	-8.83518e-08	
104	7.005000e-09	8.056673e-07	1.431489e-07	
105	7.015000e-09	1.289617e-06	3.759793e-07	
106	7.035000e-09	-1.74449e-07	9.700469e-08	
107	7.050000e-09	-4.99602e-07	-1.39011e-07	
108	7.054000e-09	-1.76257e-06	-3.68817e-07	
109	7.062000e-09	-2.48079e-06	-6.83752e-07	
110	7.078000e-09	-2.71709e-07	-3.52675e-07	
111	7.110000e-09	4.011569e-08	8.524834e-08	
112	7.174000e-09	5.585155e-07	1.151819e-07	

Index   time            v10#branch      v11#branch      
--------------------------------------------------------------------------------
113	7.279863e-09	-3.30437e-07	-2.11514e-08	
114	7.394536e-09	2.141110e-07	-1.86110e-08	
115	7.554589e-09	-1.61120e-07	3.269844e-08	
116	7.874695e-09	1.407105e-07	-3.70502e-08	
117	8.000000e-09	-1.00300e-07	4.343890e-08	
118	8.005000e-09	-2.64982e-04	1.689270e-05	
119	8.015000e-09	-3.45371e-04	-1.06890e-06	
120	8.035000e-09	-4.26436e-04	-1.75042e-07	
121	8.050000e-09	-4.28176e-04	-9.24956e-06	
122	8.054000e-09	-1.45930e-04	-2.71162e-05	
123	8.062000e-09	-6.53708e-05	-6.30920e-06	
124	8.078000e-09	-4.62834e-05	4.021689e-06	
125	8.110000e-09	-3.19950e-05	-2.11825e-06	
126	8.171569e-09	8.495480e-06	6.067341e-06	
127	8.278410e-09	-6.33130e-06	-5.14444e-06	
128	8.391944e-09	5.008040e-06	4.583821e-06	
129	8.551075e-09	-4.32940e-06	-4.28852e-06	
130	8.869337e-09	4.048152e-06	4.162130e-06	
131	9.000000e-09	-3.48176e-06	-3.89466e-06	
132	9.005000e-09	1.960246e-05	-1.33936e-04	
133	9.015000e-09	4.167142e-06	-1.68190e-04	
134	9.035000e-09	-2.80418e-07	-2.17100e-04	
135	9.050000e-09	-1.39048e-05	-2.09751e-04	
136	9.054000e-09	-3.84954e-05	-6.80171e-05	
137	9.062000e-09	-1.72246e-05	-3.71653e-05	
138	9.078000e-09	7.029202e-06	-2.43142e-05	
139	9.110000e-09	-3.64257e-06	-1.58572e-05	
140	9.174000e-09	1.012248e-05	4.932682e-06	
141	9.279674e-09	-9.11862e-06	-3.70448e-06	
142	9.394199e-09	8.456215e-06	2.923079e-06	
143	9.554535e-09	-8.07581e-06	-2.50252e-06	
144	9.875207e-09	7.906330e-06	2.323560e-06	
145	1.005000e-08	-7.62343e-06	-2.03824e-06	
146	1.005500e-08	-1.22381e-06	-8.73503e-07	
147	1.006500e-08	1.280934e-07	-2.63824e-07	
148	1.008500e-08	-8.56707e-08	1.341598e-07	
149	1.010000e-08	1.379367e-07	-5.98073e-08	
150	1.010313e-08	6.643328e-08	9.011962e-09	
151	1.010940e-08	9.356236e-09	2.152043e-08	
152	1.012194e-08	1.360707e-08	3.679874e-09	
153	1.014702e-08	-3.25515e-08	-1.28400e-08	
154	1.019718e-08	-4.56299e-10	-6.75115e-09	
155	1.028555e-08	-9.08005e-09	-2.52387e-10	
156	1.040501e-08	1.041942e-08	1.455816e-09	
157	1.064393e-08	-1.05907e-08	-1.71246e-09	
158	1.105000e-08	1.062451e-08	1.817288e-09	
159	1.105500e-08	3.841110e-10	-9.20686e-10	
160	1.106500e-08	-2.86581e-09	-7.54610e-10	
161	1.108500e-08	1.154931e-08	4.688843e-09	
162	1.110000e-08	2.197457e-08	1.260510e-08	
163	1.110400e-08	2.039684e-08	1.241675e-08	
164	1.111200e-08	1.368900e-08	9.727937e-09	
165	1.112800e-08	-1.54050e-09	7.884966e-10	
166	1.116000e-08	-1.10099e-08	-6.80386e-09	
167	1.121948e-08	-2.34823e-09	-1.78090e-09	
168	1.133825e-08	1.103867e-09	8.203853e-10	
169	1.157579e-08	-7.00031e-10	-5.15796e-10	
170	1.205000e-08	5.395827e-10	3.957015e-10	

Index   time            v10#branch      v11#branch      
--------------------------------------------------------------------------------
171	1.205500e-08	-3.28358e-08	-1.32775e-08	
172	1.206500e-08	-4.45711e-08	-2.61040e-08	
173	1.208500e-08	2.370817e-07	1.086305e-07	
174	1.210000e-08	1.637179e-07	1.233798e-07	
175	1.210400e-08	8.249846e-08	7.870578e-08	
176	1.211200e-08	-1.58393e-08	9.266318e-09	
177	1.212800e-08	-7.38755e-08	-4.14759e-08	
178	1.216000e-08	-6.85074e-08	-4.29969e-08	
179	1.222400e-08	4.572211e-09	-4.77713e-10	
180	1.235200e-08	-3.18679e-09	1.129184e-09	
181	1.260800e-08	3.186503e-09	-1.03167e-09	
182	1.305000e-08	-3.25370e-09	9.403691e-10	
183	1.305500e-08	-1.26327e-08	-4.70695e-09	
184	1.306500e-08	-2.47739e-08	-1.33230e-08	
185	1.308500e-08	9.530103e-08	4.237964e-08	
186	1.310000e-08	1.107145e-07	7.016691e-08	
187	1.310400e-08	7.275865e-08	5.413308e-08	
188	1.311200e-08	1.175901e-08	1.946953e-08	
189	1.312800e-08	-3.76989e-08	-1.97448e-08	
190	1.316000e-08	-4.06172e-08	-2.55594e-08	
191	1.322400e-08	2.167701e-09	-4.35883e-10	
192	1.335200e-08	-8.23393e-10	1.070019e-09	
193	1.360800e-08	6.643587e-10	-1.06741e-09	
194	1.405000e-08	-6.34828e-10	1.030845e-09	
195	1.405500e-08	-4.10910e-07	-1.68984e-07	
196	1.406500e-08	-1.13423e-07	-1.41682e-07	
197	1.408500e-08	1.856497e-06	9.169653e-07	
198	1.410000e-08	-1.37121e-07	3.008066e-07	
199	1.410400e-08	-2.85689e-07	2.197468e-08	
200	1.411200e-08	-3.80255e-07	-2.21315e-07	
201	1.412800e-08	-4.86142e-07	-2.60317e-07	
202	1.416000e-08	-1.70254e-07	-1.56779e-07	
203	1.422400e-08	1.800905e-08	4.277694e-08	
204	1.435200e-08	-8.65293e-09	-3.38410e-08	
205	1.460800e-08	7.084448e-09	3.160530e-08	
206	1.505000e-08	-6.66352e-09	-3.06645e-08	
207	1.505500e-08	-1.55084e-07	-7.28181e-08	
208	1.506500e-08	-1.41790e-07	-9.18206e-08	
209	1.508500e-08	8.664872e-07	4.031360e-07	
210	1.510000e-08	2.894202e-07	3.092145e-07	
211	1.510400e-08	3.741786e-08	1.367308e-07	
212	1.511200e-08	-1.96215e-07	-7.74111e-08	
213	1.512800e-08	-2.76556e-07	-1.63534e-07	
214	1.516000e-08	-1.34067e-07	-9.40138e-08	
215	1.522400e-08	3.129394e-08	1.793233e-08	
216	1.535200e-08	-2.11366e-08	-9.99789e-09	
217	1.560800e-08	1.829737e-08	7.681634e-09	
218	1.605000e-08	-1.70291e-08	-6.62304e-09	
219	1.605500e-08	-5.00946e-06	-2.07197e-06	
220	1.606500e-08	3.386507e-06	2.462722e-07	
221	1.608500e-08	1.311023e-05	7.532373e-06	
222	1.610000e-08	-1.23501e-05	-3.30588e-06	
223	1.610400e-08	-4.45164e-06	-2.76915e-06	
224	1.611200e-08	-2.76004e-06	-1.75388e-06	
225	1.612800e-08	-2.91947e-06	-1.70146e-06	
226	1.616000e-08	5.071350e-07	-5.78826e-08	
227	1.622400e-08	-7.38890e-07	-1.15202e-07	
228	1.635200e-08	7.428267e-07	1.199591e-07	

Index   time            v10#branch      v11#branch      
--------------------------------------------------------------------------------
229	1.660800e-08	-7.38152e-07	-1.17654e-07	
230	1.705000e-08	7.343452e-07	1.155674e-07	
231	1.705500e-08	-1.87477e-06	-7.64620e-07	
232	1.706500e-08	1.838461e-07	-3.70357e-07	
233	1.708500e-08	7.347940e-06	3.786245e-06	
234	1.710000e-08	-3.26512e-06	-8.13060e-08	
235	1.710400e-08	-2.65217e-06	-9.51249e-07	
236	1.711200e-08	-1.78634e-06	-1.29010e-06	
237	1.712800e-08	-1.70030e-06	-8.53925e-07	
238	1.716000e-08	-3.68342e-08	-3.32949e-07	
239	1.722400e-08	-8.22352e-08	2.105353e-07	
240	1.735200e-08	8.303145e-08	-1.95416e-07	
241	1.760800e-08	-7.99591e-08	1.908642e-07	
242	1.805000e-08	7.761357e-08	-1.88766e-07	
243	1.805500e-08	3.301592e-04	-1.82892e-05	
244	1.806500e-08	5.041618e-04	2.103244e-05	
245	1.808500e-08	5.565202e-04	2.728440e-05	
246	1.810000e-08	2.669827e-04	-4.92541e-05	
247	1.810400e-08	3.511483e-05	-9.33270e-06	
248	1.811200e-08	-1.14702e-05	-7.89357e-06	
249	1.812800e-08	2.803395e-06	-3.78685e-06	
250	1.816000e-08	-4.88895e-06	1.078412e-06	
251	1.822400e-08	4.473420e-06	-1.07783e-06	
252	1.835200e-08	-4.32505e-06	1.039155e-06	
253	1.860800e-08	4.257075e-06	-1.01734e-06	
254	1.912000e-08	-4.22422e-06	1.006137e-06	
255	1.972000e-08	4.196713e-06	-9.96481e-07	
256	2.000000e-08	-4.13918e-06	9.756306e-07	
257	2.000500e-08	-5.99951e-07	2.652515e-07	
258	2.001500e-08	3.569862e-07	-1.73216e-07	
259	2.003500e-08	-2.64964e-07	1.490598e-07	
260	2.005000e-08	1.951165e-07	-1.11604e-07	
261	2.005400e-08	4.374508e-08	-1.58511e-08	
262	2.006200e-08	-4.07146e-08	1.738949e-09	
263	2.007800e-08	3.459221e-09	-1.61036e-08	
264	2.011000e-08	-2.56297e-08	-2.41658e-09	
265	2.017400e-08	2.107169e-08	-9.53289e-10	
266	2.026645e-08	-1.24058e-08	5.957871e-09	
267	2.038311e-08	1.255894e-08	-4.93749e-09	
268	2.050970e-08	-1.26829e-08	4.137420e-09	
269	2.076287e-08	1.313590e-08	-3.53071e-09	
270	2.100000e-08	-1.33853e-08	3.079228e-09	
271	2.100500e-08	-7.70966e-10	1.599983e-09	
272	2.101500e-08	3.308173e-09	4.120212e-10	
273	2.103500e-08	2.092007e-09	2.408107e-09	
274	2.105000e-08	3.016145e-09	1.365303e-09	
275	2.105400e-08	1.678173e-09	1.335125e-09	
276	2.106200e-08	-3.37916e-10	5.921889e-10	
277	2.107800e-08	-2.55232e-09	-1.30625e-09	
278	2.111000e-08	-3.49996e-09	-2.34845e-09	
279	2.117400e-08	-2.15363e-10	-3.95835e-10	
280	2.124483e-08	2.181477e-09	1.417182e-09	
281	2.137897e-08	-7.38266e-10	-3.27059e-10	
282	2.149971e-08	3.374548e-11	-1.59994e-10	
283	2.174121e-08	1.224202e-10	2.498905e-10	
284	2.200000e-08	-2.07261e-10	-2.88422e-10	
285	2.200500e-08	3.598280e-08	1.169816e-08	
286	2.201500e-08	8.188191e-08	3.813956e-08	

Index   time            v10#branch      v11#branch      
--------------------------------------------------------------------------------
287	2.203500e-08	4.380441e-08	4.204510e-08	
288	2.205000e-08	3.205233e-09	1.101858e-08	
289	2.205400e-08	-4.07362e-08	-5.62738e-09	
290	2.206200e-08	-1.12947e-07	-4.73984e-08	
291	2.207800e-08	-1.04572e-07	-7.51318e-08	
292	2.211000e-08	-1.57386e-08	-2.12551e-08	
293	2.217395e-08	3.595421e-08	2.667986e-08	
294	2.228031e-08	-1.22736e-09	-9.49979e-10	
295	2.239353e-08	-8.10617e-09	-5.03249e-09	
296	2.254629e-08	9.715600e-09	5.511876e-09	
297	2.285180e-08	-9.83360e-09	-5.28229e-09	
298	2.300000e-08	9.532391e-09	4.507742e-09	
299	2.300500e-08	9.021701e-09	5.058149e-09	
300	2.301500e-08	2.059690e-08	9.526408e-09	
301	2.303500e-08	2.264985e-08	1.564097e-08	
302	2.305000e-08	6.117201e-09	8.357435e-09	
303	2.305400e-08	-2.00728e-09	4.142854e-09	
304	2.306200e-08	-2.33473e-08	-6.91235e-09	
305	2.307800e-08	-4.35138e-08	-2.57044e-08	
306	2.311000e-08	-1.38681e-08	-1.48095e-08	
307	2.317400e-08	1.610103e-08	1.169427e-08	
308	2.327749e-08	1.143622e-10	3.346329e-10	
309	2.338842e-08	-3.57390e-09	-2.55283e-09	
310	2.354145e-08	3.752943e-09	2.468030e-09	
311	2.384751e-08	-3.58110e-09	-2.25847e-09	
312	2.400000e-08	3.078376e-09	1.774862e-09	
313	2.400500e-08	4.142435e-07	1.364726e-07	
314	2.401500e-08	5.405929e-07	3.072296e-07	
315	2.403500e-08	5.157852e-08	1.586304e-07	
316	2.405000e-08	-1.43838e-07	-6.21814e-08	
317	2.405400e-08	-6.83467e-07	-2.46476e-07	
318	2.406200e-08	-1.00836e-06	-5.19656e-07	
319	2.407800e-08	-3.12743e-07	-3.99543e-07	
320	2.411000e-08	-4.23090e-09	4.210872e-08	
321	2.417355e-08	2.601619e-07	1.156038e-07	
322	2.427990e-08	-1.28549e-07	-1.62802e-08	
323	2.439464e-08	7.720331e-08	-1.76647e-08	
324	2.455277e-08	-5.91722e-08	2.685791e-08	
325	2.486904e-08	5.334658e-08	-2.89820e-08	
326	2.500000e-08	-4.38358e-08	3.077302e-08	
327	2.500500e-08	6.535775e-08	3.718236e-08	
328	2.501500e-08	1.835204e-07	8.004737e-08	
329	2.503500e-08	7.805929e-08	8.745987e-08	
330	2.505000e-08	-2.85561e-08	3.941640e-09	
331	2.505400e-08	-1.34338e-07	-3.76251e-08	
332	2.506200e-08	-3.04975e-07	-1.37267e-07	
333	2.507800e-08	-2.22410e-07	-1.75222e-07	
334	2.511000e-08	8.293401e-09	-1.76178e-08	
335	2.517400e-08	7.320610e-08	5.897441e-08	
336	2.528123e-08	-7.87327e-09	-9.23027e-09	
337	2.539689e-08	-1.45955e-08	-6.08040e-09	
338	2.555636e-08	2.081413e-08	9.324285e-09	
339	2.587531e-08	-2.23065e-08	-9.74999e-09	
340	2.600000e-08	2.375498e-08	9.248503e-09	
341	2.600500e-08	4.736634e-06	1.557848e-06	
342	2.601500e-08	1.634537e-06	2.018037e-06	
343	2.603500e-08	-2.67667e-07	-6.93119e-09	
344	2.605000e-08	-2.15717e-06	-9.82510e-07	

Index   time            v10#branch      v11#branch      
--------------------------------------------------------------------------------
345	2.605400e-08	-7.80598e-06	-2.91892e-06	
346	2.606200e-08	-4.84197e-06	-3.84603e-06	
347	2.607800e-08	4.701367e-07	-8.52942e-07	
348	2.611000e-08	-3.89004e-07	4.128741e-07	
349	2.617291e-08	1.984643e-06	6.348888e-07	
350	2.627882e-08	-1.58183e-06	-2.98512e-07	
351	2.639276e-08	1.389905e-06	1.470188e-07	
352	2.655163e-08	-1.30672e-06	-8.69176e-08	
353	2.686937e-08	1.275045e-06	6.582310e-08	
354	2.700000e-08	-1.21444e-06	-2.94621e-08	
355	2.700500e-08	7.979148e-07	2.778833e-07	
356	2.701500e-08	1.213030e-06	6.492028e-07	
357	2.703500e-08	-1.20344e-07	2.695861e-07	
358	2.705000e-08	-4.27004e-07	-2.64966e-07	
359	2.705400e-08	-1.65165e-06	-6.50459e-07	
360	2.706200e-08	-2.32466e-06	-1.22620e-06	
361	2.707800e-08	-3.04026e-07	-7.44579e-07	
362	2.711000e-08	-3.98915e-08	1.921209e-07	
363	2.717400e-08	5.968738e-07	1.834520e-07	
364	2.727985e-08	-3.51316e-07	-6.59055e-09	
365	2.739452e-08	2.351772e-07	-6.29421e-08	
366	2.755457e-08	-1.84995e-07	8.532898e-08	
367	2.787467e-08	1.661153e-07	-9.15620e-08	
368	2.800000e-08	-1.29174e-07	9.900846e-08	
369	2.800500e-08	-2.66144e-04	2.049881e-05	
370	2.801500e-08	-3.45129e-04	2.792746e-06	
371	2.803500e-08	-4.25822e-04	-3.15804e-06	
372	2.805000e-08	-4.28062e-04	-1.09202e-05	
373	2.805400e-08	-1.45478e-04	-3.28727e-05	
374	2.806200e-08	-6.47301e-05	-1.05829e-05	
375	2.807800e-08	-4.73994e-05	5.069737e-06	
376	2.811000e-08	-3.12554e-05	-1.98564e-06	
377	2.817400e-08	8.644860e-06	6.953004e-06	
378	2.827887e-08	-6.38580e-06	-5.85055e-06	
379	2.839280e-08	4.965930e-06	5.138896e-06	
380	2.855132e-08	-4.20190e-06	-4.73601e-06	
381	2.886835e-08	3.877913e-06	4.558407e-06	
382	2.946835e-08	-3.71998e-06	-4.46995e-06	
383	3.000000e-08	3.551830e-06	4.374143e-06	
